0.0015804495196789503
0.0018210045527666807
0.130478173494339
0.0006061669555492699
0.0006001294241286814
4.06030158046633e-05
0.0003317287191748619
0.0001618578244233504
0.0015400801785290241
9.371250598633196e-06
1.950266960193403e-05
1.260586142539978
7.847041706554592e-05
4.6254332119133323e-05
3.800894410233013e-05
0.0020649537909775972
0.09005995839834213
0.09429503232240677
0.0031543115619570017
0.10469339042901993
0.0010398011654615402
0.0007040740456432104
6.483408651547506e-05
0.0018609844846650958
0.0029947259463369846
0.0009890877408906817
0.00015133508713915944
0.0010355061385780573
0.00032528978772461414
0.0010194829665124416
0.0006962520419619977
0.0029695734847337008
0.007211219985038042
0.0017569833435118198
0.005822094157338142
0.004233610816299915
0.08828612416982651
0.0012946506030857563
0.0008919188985601068
0.0061202445067465305
0.0053370241075754166
0.0060941921547055244
0.00855921395123005
0.0008711861446499825
0.0026781430933624506
0.0007181580876931548
0.0006372483330778778
0.0003103233175352216
0.01957084611058235
0.001128809992223978
0.0032410561107099056
3.297588364148396e-06
0.0026269133668392897
0.0009424421004951
0.00622515520080924
0.003084241645410657
1.1255850949964952e-05
0.004626795649528503
0.006778098177164793
0.0022363283205777407
3.3413096389267594e-05
0.0018891339423134923
0.01043655164539814
0.001867272425442934
0.00045900928671471775
0.00016801050514914095
1.474576711654663
0.003723135218024254
0.0023709444794803858
0.0013357767602428794
0.00551255326718092
0.005031862296164036
0.0020812670700252056
0.0033121106680482626
0.014666619710624218
0.0034513226710259914
0.001435793936252594
0.0018920722650364041
0.0013667704770341516
0.003001488745212555
0.0031626936979591846
0.009163743816316128
0.015670103952288628
0.003107257653027773
0.005149766802787781
0.007307358551770449
0.01073271781206131
0.0003834536764770746
0.015780502930283546
0.0035602133721113205
0.008100681938230991
0.0031900701578706503
0.006386795546859503
0.0027368043083697557
0.0002302271459484473
0.0033981141168624163
4.9074023991124704e-05
0.0002544372691772878
0.0004930139984935522
0.000597738369833678
1.615798765897125e-07
0.0006546423537656665
1.4406307855097111e-05
0.00018495591939426959
0.0028014332056045532
0.00046558366739191115
0.000630900845862925
0.001658563269302249
0.0011260976316407323
0.0027806018479168415
0.00413783174008131
0.8375996351242065
0.001097226981073618
0.006567466072738171
0.0016944058006629348
0.007688240613788366
0.0016059504123404622
0.0038349281530827284
0.0002184392069466412
0.0037778192199766636
0.00044886782416142523
0.0026237573474645615
0.9138723611831665
0.008623937144875526
0.0019269102485850453
0.010993391275405884
0.002443642821162939
4.3576226744335145e-05
4.994873597752303e-05
5.229413363849744e-05
2.2384188923751935e-05
0.000358512595994398
0.0006270463927648962
0.0001805594511097297
0.001828099018894136
0.002374127972871065
0.002673548413440585
0.001360380440019071
3.280681266915053e-05
0.0014397151535376906
0.0005612107925117016
0.001798397395759821
0.002933020703494549
0.0002544472517911345
6.196487083798274e-05
7.36348592909053e-05
0.0018548211082816124
0.001538821030408144
1.5336303476942703e-05
0.00017444443074055016
0.00011519242980284616
0.0021009454503655434
0.0010652190539985895
0.8036057949066162
0.003314065048471093
0.0007483251974917948
0.0001900912611745298
0.00015067204367369413
3.0620132747571915e-05
6.754296191502362e-05
0.0025893119163811207
0.0018531621899455786
0.00044137611985206604
1.9377706848899834e-05
0.0024073903914541006
0.00012868770863860846
0.001222885330207646
0.0022355341352522373
1.1696507726810523e-06
8.12651251180796e-06
0.0018839380936697125
0.003537222044542432
0.0003512626572046429
4.238025576341897e-05
0.0001048306658049114
0.8835642337799072
0.0010327687487006187
0.004695590119808912
0.005170537158846855
0.8625356554985046
0.0013667192542925477
0.006191249471157789
0.000701097131241113
0.001610456733033061
0.0014877564972266555
0.8628849983215332
0.005659322254359722
0.002723713405430317
0.003934213425964117
0.767025887966156
0.0026590940542519093
1.590082433722273e-06
0.0007568338187411427
1.8355673091718927e-05
4.418407115736045e-07
0.0001534737675683573
0.003485733410343528
0.0020433873869478703
0.0021259679924696684
0.0005463281413540244
1.7241238310816698e-05
0.0002672018308658153
9.743521513883024e-05
0.0001566521095810458
0.0009702989482320845
0.0007198566454462707
1.2844890356063843
1.0610080607875716e-05
0.0008181832963600755
0.0006026398623362184
2.372398739680648e-05
7.71305785747245e-05
0.0012645870447158813
0.00023957517987582833
0.0012593927094712853
0.0003554005525074899
3.048011842921028e-11
0.0005616998532786965
8.690095455676783e-06
1.1731252016033977e-05
4.266788164386526e-05
0.002493232022970915
0.00023645476903766394
0.006834148429334164
2.8175509214634076e-06
0.0014029713347554207
2.542944457673002e-05
4.017185347038321e-05
0.0013860944891348481
0.0012061689049005508
0.0046700709499418736
7.807462679920718e-06
0.0013775177067145705
9.701227827463299e-05
0.0009694232721813023
0.002572096884250641
0.0006780180847272277
0.0008453918271698058
0.0005424380069598556
0.0025284108705818653
0.002477814443409443
0.0038303681649267673
0.0015114027773961425
4.085111868334934e-05
0.001595499343238771
0.0017170015489682555
5.47233757970389e-05
4.769019869854674e-05
0.00027874045190401375
0.0005017829826101661
0.0005816544871777296
1.1145139978907537e-05
0.0004127288411837071
0.0009699896327219903
0.0003182071668561548
4.392765913507901e-05
0.0004232822684571147
0.0001553535694256425
0.00042377138743177056
0.0008332025608979166
0.00031113694421947
1.8350885511608794e-05
0.0010543218813836575
0.0005731990677304566
0.00014649087097495794
0.00029605330200865865
0.0006001315778121352
0.000498477544169873
0.0001349314406979829
0.0002927826135419309
0.00012603224604390562
8.534679182048421e-06
5.277028591876842e-09
0.000111290231870953
0.0019938992336392403
6.566217962244991e-06
0.01270372699946165
0.0004302153829485178
5.6203858548542485e-05
0.0007988986326381564
0.0008003717521205544
1.3768314602202736e-05
9.626885955071884e-09
0.00013594140182249248
4.45013802163885e-06
0.0007869716500863433
6.617177405132679e-06
0.0003616132598835975
6.735486385878175e-05
0.0018360723042860627
0.003312921617180109
0.0025309384800493717
0.0008076168596744537
0.0007759177242405713
0.003484286367893219
0.003823736682534218
0.0008401363156735897
0.00031166139524430037
0.00019524007802829146
0.0006336454534903169
0.0007136587519198656
0.0060919541865587234
0.819216251373291
0.00020594315719790757
0.003009099280461669
0.0004381278995424509
0.0006231721490621567
0.0011809669667854905
7.675008964724839e-05
7.261607242980972e-05
0.0019065684173256159
0.0007860569166950881
0.0011789471609517932
0.000957701588049531
0.0002601891756057739
4.218365575070493e-05
0.0013675338122993708
0.0005104079027660191
0.002580955158919096
0.002123897196725011
0.002374795963987708
0.006930985487997532
0.00020062430121470243
0.000523619819432497
0.0003673481405712664
0.0010705827735364437
0.0009784824214875698
0.00942297000437975
0.045874956995248795
8.678891845192993e-07
0.002904449822381139
0.0006225448451004922
0.009937847964465618
0.0001931351434905082
0.0023209520149976015
5.977282489766367e-05
0.0007113008759915829
0.001505873166024685
0.001270932611078024
2.6197025363217108e-05
0.003375496482476592
0.0001285449106944725
0.0008558512781746686
0.0014012372121214867
0.0014309907564893365
4.113885552214924e-06
0.0024282345548272133
2.0350520571810193e-05
2.7187175874132663e-05
0.00019435203284956515
0.00019381042511668056
1.3003099930131157e-08
1.0728160305006895e-05
0.0001558924122946337
0.0010260161943733692
1.7830176147981547e-05
0.00018336568609811366
0.005483093671500683
2.921238774433732e-05
0.00022857113799545914
0.00021163855853956193
0.0007515513570979238
0.0002777057234197855
0.001538725453428924
1.2765121937263757e-06
0.0023629488423466682
0.000305315013974905
2.4910179490689188e-05
0.0012542492477223277
5.2808074542554095e-05
1.7776194454199867e-06
0.006213699467480183
0.001810617046430707
0.00013742638111580163
0.0004931316361762583
1.659104054851923e-05
2.0240024241502397e-05
1.0841936415317832e-07
0.0010629956377670169
1.815594623622019e-05
6.219087663339451e-05
5.823495143886248e-07
0.0011717741144821048
9.555466385791078e-05
3.174047014908865e-05
0.00010340582230128348
0.00019326957408338785
0.001227612025104463
0.00038133905036374927
6.071880125091411e-05
0.0034801934380084276
2.0939276510034688e-05
0.7195287346839905
0.0016421419568359852
8.728061948204413e-05
2.6779796826303937e-05
0.0017720452742651105
0.0019636708311736584
0.0001461475039832294
0.0007443672511726618
0.0004717085394077003
5.312823759595631e-06
0.0009532912517897785
0.0005125772440806031
4.511724182520993e-05
0.000884105043951422
0.0012428021291270852
0.00048261068877764046
0.00038491960731334984
9.150083496933803e-05
4.761739091918571e-06
0.002849786775186658
0.004438844043761492
0.0017362599028274417
0.0006218463531695306
0.0003740918473340571
0.0007386435172520578
0.0010466177482157946
1.3454244253807701e-05
0.0019580477382987738
0.0006582249770872295
0.001467783935368061
2.3144753868109547e-05
0.0002786342229228467
0.0007596026407554746
5.471720214700326e-05
4.279148924979381e-05
0.00030454350053332746
0.000535318162292242
0.0037793442606925964
0.007244294509291649
0.00016372559184674174
8.894960774341598e-05
0.00016535699251107872
2.903454878833145e-05
0.0001400953042320907
0.000900561164598912
5.780160063295625e-05
0.0007300529978238046
0.7703967690467834
0.000112285946670454
0.0030845312867313623
0.0006603481015190482
0.0003541016485542059
0.003314987290650606
0.0006117308512330055
0.00036863816785626113
0.009631769731640816
0.00025752466171979904
5.7404071412747726e-05
0.00037261421675793827
2.8464137358241715e-06
0.0012483340688049793
0.0014835132751613855
0.002327854512259364
0.0003109194803982973
2.0960760593879968e-05
1.7812877558753826e-05
8.12913413028582e-07
0.00021243184164632112
0.00370406755246222
1.7011130694299936e-05
5.927990423515439e-05
8.012224498088472e-06
8.82736494531855e-05
0.00012327934382483363
0.00026217810227535665
6.898580613778904e-05
6.527518962684553e-06
0.0046973456628620625
9.072736247617286e-06
4.140020610066131e-05
0.00019880812033079565
0.0004712364752776921
2.4847002350725234e-05
8.549428457627073e-05
0.00022656511282548308
2.2704125512973405e-05
0.001804520608857274
0.010101661086082458
0.002552497200667858
0.002582648303359747
0.0022065038792788982
0.0010797773720696568
0.002164306119084358
7.860366167733446e-05
3.7368097309808945e-06
9.446347576158587e-06
0.0018974936101585627
0.0005069392500445247
0.0021735087502747774
0.0003402697038836777
0.0003985363873653114
0.6212273240089417
8.249782695202157e-06
0.0007188826566562057
0.00012386523303575814
0.01450077909976244
0.002892931690439582
0.0012160238111391664
3.533457493176684e-05
0.0001495248288847506
0.00040921111940406263
3.047394784516655e-05
0.001174631528556347
0.001015238231047988
6.097219011280686e-05
0.00010778987780213356
0.0001570741442264989
0.0013251062482595444
0.00114889582619071
0.0008594456012360752
0.0004991378518752754
0.0014324194053187966
0.0006103944615460932
0.0001358010631520301
2.9373316010605777e-06
0.00038089454756118357
0.00047469718265347183
0.0006544995703734457
0.007348939310759306
0.0002742151846177876
0.0018733071628957987
0.0014403575332835317
0.00033518855343572795
0.0002420830278424546
0.001764265587553382
0.00023484336270485073
0.00034427380887791514
4.114731837034924e-06
0.00024112436221912503
0.00025341668515466154
8.50564319989644e-05
0.001984691945835948
0.002127432031556964
0.00031954015139490366
0.0012551634572446346
0.009953252039849758
2.027121081482619e-05
0.7537059187889099
0.0004990869201719761
0.0012883305316790938
0.0028218606021255255
8.859363151714206e-05
0.00141944270581007
0.00034994626184925437
5.599960786639713e-06
0.0039229560643434525
0.001388681004755199
0.00039170667878352106
0.003754405304789543
0.00048255897127091885
0.0006813015206716955
0.004585500340908766
0.002022122498601675
0.0022340689320117235
0.0016268515028059483
0.0004486061225179583
6.402446160791442e-05
0.003063054056838155
0.599602222442627
0.00016096651961561292
0.002461069729179144
5.275946346472438e-09
0.002673190087080002
0.00031317296088673174
2.360018334002234e-05
0.0015372663037851453
0.00018049738719128072
1.4217605439625913e-06
8.562178118154407e-05
0.00036871054908260703
0.0022317010443657637
0.0033621902111917734
0.0014494253555312753
0.000145538171636872
1.069246768951416
0.00027664468507282436
0.006087579298764467
0.006149370223283768
4.727700797957368e-05
0.00018964857736136764
0.0011735447915270925
0.0009929187363013625
0.0008118808618746698
0.00029505343991331756
7.000050118222134e-06
0.0003073686093557626
0.0009331151377409697
7.444506081810687e-06
0.002367408014833927
0.00033832527697086334
2.6752351914183237e-05
0.0008159143617376685
5.357435384212295e-07
3.989413471572334e-06
0.006232124287635088
1.3502550245902967e-05
8.340100612258539e-05
8.310814155265689e-05
0.0005580431898124516
0.0002657089498825371
8.717610035091639e-05
0.0010098223574459553
4.2429161112522706e-05
6.365739682223648e-05
0.0012607360258698463
4.41286207575331e-09
0.0021003407891839743
0.0006679135258309543
5.745861562900245e-05
0.009990301914513111
0.0001758722501108423
0.00016760900325607508
0.0007384187774732709
0.0027470430359244347
0.0007772552198730409
2.104120358126238e-05
7.15167770977132e-05
1.2088075891369954e-05
0.0002018982922891155
0.0015289555303752422
0.6620416641235352
0.0008684758795425296
0.00011062360863434151
6.482558546849759e-06
0.0001893043954623863
0.0021755085326731205
8.258893649326637e-05
0.5827370882034302
9.529011549602728e-06
8.142965089064091e-05
0.00030071011860854924
0.002126409439370036
3.648951314971782e-05
0.00035840171040035784
0.0005898623494431376
3.685506817419082e-05
0.0016320502618327737
7.638317765668035e-05
3.223221574444324e-05
0.0014962982386350632
0.0006113855633884668
0.001227373955771327
0.0006111339316703379
0.0016437412705272436
0.0005300507182255387
0.004440127406269312
0.00019493156287353486
0.006840290501713753
0.6110338568687439
0.0001392816484440118
0.0006245909607969224
0.00014096280210651457
0.0014975048834457994
0.0001070677608367987
0.5896925330162048
0.000351929193129763
0.0005691001424565911
0.0010004419600591063
0.0004654542717617005
0.5985841155052185
7.994358747964725e-05
0.00014360540080815554
9.712547034723684e-05
0.002174904104322195
0.00034777229302562773
4.869581971433945e-06
0.5721198320388794
2.426426362944767e-05
6.9492252805503085e-06
0.00041324333869852126
0.0007944171666167676
0.000786679913289845
0.005469162482768297
0.00040002845344133675
0.00039101223228499293
0.00584723986685276
0.00012078274448867887
0.005208152346313
2.0576539100147784e-05
0.0006127211963757873
0.001616426627151668
0.0010962794767692685
6.828005280112848e-05
2.3781505660736002e-05
0.0007529877475462854
3.434956670389511e-05
1.0585970812826417e-05
7.24560086382553e-05
0.0029867440462112427
0.0010453661670908332
7.259139067627984e-08
9.256682824343443e-05
0.000791627389844507
0.00016723629960324615
0.00034460664028301835
0.00048340551438741386
4.459190313355066e-05
0.0043640355579555035
0.00012900705041829497
0.00012839982809964567
0.0006141520570963621
9.050563676282763e-05
0.0024162635672837496
0.0032204813323915005
0.00428423099219799
0.9298396110534668
2.9810362320858985e-06
0.0006081783794797957
0.006526409648358822
0.00028713722713291645
0.0018334317719563842
0.0017548971809446812
0.0001999487285502255
4.144115337112453e-06
0.00032040016958490014
0.0003302498662378639
5.794125536340289e-05
2.68117304358384e-07
3.4625478292582557e-05
1.9150695152347907e-05
0.003047206439077854
0.0002909336762968451
0.0007361432653851807
0.002089157234877348
0.00023076852085068822
0.0008509116596542299
0.001001165364868939
0.00021559314336627722
5.919841714785434e-05
0.001850268105044961
0.0020196286495774984
0.0018290726002305746
0.0006786854355596006
1.4402178749151062e-05
0.00018829968757927418
4.7706613258924335e-05
3.169154661009088e-05
0.0007351788808591664
0.008368000388145447
3.8557060179300606e-05
0.006562619935721159
0.0007343296892940998
1.5865612112975214e-06
0.003460049396380782
0.0025371841620653868
0.0002748302067629993
0.0025659191887825727
0.005867731291800737
8.437506039626896e-05
0.0013927581021562219
0.0007209955365397036
0.0027639653999358416
5.738883191952482e-05
0.014370526187121868
0.00047177166561596096
4.719982371170772e-06
0.0003960340691264719
0.00041739916196092963
0.000140535703394562
7.618260951858247e-06
0.0005864117410965264
0.00068779441062361
0.00044844235526397824
0.0005175190162844956
3.707295036292635e-05
0.00015336745127569884
1.7947085950709152e-07
0.00315366149879992
0.0008205664344131947
5.460890406538965e-07
0.0022526606917381287
0.0026728527154773474
0.3800366222858429
0.0006444106693379581
0.0003602250071708113
0.0001080957954400219
0.000609806680586189
0.00012447063636500388
0.004141579382121563
0.000512125960085541
0.00038806613883934915
0.0030006198212504387
0.001037727459333837
5.066562880529091e-05
0.0022250832989811897
0.0017606341280043125
0.0033224686048924923
0.000471669394755736
0.0010405076900497079
0.0021713711321353912
0.012482905760407448
0.004647101741284132
0.0003997069434262812
0.0006943613407202065
2.3544440409750678e-05
0.001300534582696855
1.9881561456713825e-05
0.010052379220724106
0.008185400627553463
0.003922626841813326
0.003793100593611598
0.031067926436662674
0.0013370487140491605
0.007224658038467169
0.00016957844491116703
1.0966821719193831e-05
1.9274084479548037e-06
0.00011039514356525615
4.927858753944747e-06
0.7481964826583862
0.0032051329035311937
0.0005102911381982267
0.00030590841197408736
5.03271039633546e-05
0.010585097596049309
7.352577085839584e-05
6.68673919790308e-06
0.001636638306081295
0.004431120585650206
0.000110528344521299
0.0010355684207752347
0.0001040965726133436
0.0024760249070823193
0.3579500913619995
3.8135331124067307e-06
3.055321576539427e-05
0.0015112997498363256
4.36637201346457e-05
0.003510816488415003
0.00012037270062137395
0.00016175756172742695
3.7655985352103016e-07
0.00012138467718614265
1.9747045371332206e-05
1.6266705642919987e-05
0.00034127014805562794
3.212064257240854e-05
0.0021243286319077015
3.088141602347605e-05
0.0008408746216446161
0.004047229420393705
7.956465560710058e-05
0.00013880406913813204
0.00011452305625425652
0.008408193476498127
0.00307776452973485
0.0007919170893728733
0.0001680588029557839
0.00391409732401371
0.010318498127162457
1.955086918314919e-05
3.449075302341953e-05
0.0001277391129406169
0.6108027100563049
3.1805400794837624e-05
0.0035854345187544823
0.0031550340354442596
4.3805328459711745e-05
0.00027933012461289763
4.904339220956899e-05
3.5355394629732473e-06
2.300672122146352e-06
0.0010152320610359311
0.001818650052882731
0.000217758264625445
0.0007130486192181706
0.3490007519721985
0.0004633716307580471
0.0008765125530771911
4.40270196122583e-05
0.00015845647430978715
0.001932653714902699
0.00038324188790284097
0.0002303452929481864
0.0013559566577896476
0.0011069256579503417
0.004732329864054918
4.076059485669248e-05
0.0004810341342817992
0.00041983361006714404
0.012658445164561272
0.001256463467143476
0.003414731938391924
0.0007106473203748465
0.0013337074778974056
0.010237670503556728
0.00014579966955352575
0.002551555633544922
0.0002971632347907871
0.0001012902139336802
0.0001709402713458985
0.0004573245532810688
0.00039020078838802874
0.0003173134755343199
0.0003283826808910817
5.5642678489675745e-05
0.008679571561515331
0.0001811658585211262
0.0022792210802435875
1.623173147891066e-06
0.00021633745927829295
0.00032125506550073624
0.0003309139283373952
9.431973012397066e-06
0.0005366953555494547
0.0001088083881768398
0.00013395816495176405
8.880055975168943e-05
0.0021100493613630533
1.676075225987006e-05
0.0025734782684594393
6.0230369854252785e-05
9.958122973330319e-05
0.002062202664092183
3.256639899973379e-07
0.00028033542912453413
1.0891536474227905
0.0010177528019994497
0.00038714733091183007
0.00017744519573170692
0.0001055848624673672
4.123804956179811e-06
0.007651173509657383
0.00025116640608757734
0.00014339058543555439
3.2190862839343026e-05
0.0004182635748293251
0.0008283554343506694
0.0009710489539429545
0.00394280394539237
0.002578226150944829
9.4158252750276e-08
0.0004005483933724463
5.761911779700313e-06
0.005978140980005264
0.005030990578234196
0.00029298587469384074
0.00011318401811877266
0.0013339240103960037
0.00031300896080210805
6.641041545663029e-05
0.0006660805083811283
1.5078936485224403e-05
0.002066396875306964
0.0003080560709349811
0.0021091930102556944
0.0020396998152136803
0.00010403531632618979
0.0010447981767356396
0.3635958135128021
0.005099545698612928
0.0010432684794068336
9.484045585850254e-05
0.006439050193876028
0.0001608421589480713
0.0016002198681235313
0.004278416745364666
5.947265890426934e-06
0.0006574285216629505
7.139553417800926e-06
3.0656426019959326e-07
7.578130862384569e-06
0.00037608586717396975
0.00028613590984605253
0.00014407254639081657
0.00068022555205971
0.0015811915509402752
0.002977210097014904
0.005195803474634886
0.0005623978795483708
0.0011025816202163696
0.0003261904639657587
0.0047426591627299786
0.0006358135142363608
0.0001860146876424551
8.431963215116411e-05
6.409249908756465e-05
5.046189016866265e-06
0.00014085817383602262
0.00033600503229536116
0.0017131140921264887
0.0012760619865730405
0.00014216512499842793
0.0029066321440041065
1.446983606001595e-05
0.0003378355468157679
0.00015290622832253575
0.00028159903013147414
7.027279480098514e-06
0.00010815529094543308
0.00011190068471478298
0.0012605931842699647
0.0010424149222671986
0.0022065206430852413
0.0008098212420009077
0.0002463147393427789
0.0010202262783423066
0.00021247909171506763
5.422884441941278e-06
0.005312187131494284
2.9075513108267614e-09
0.0015309657901525497
4.246008029440418e-05
6.420994031941518e-05
2.0548022803268395e-06
0.0001652256614761427
0.000216879925574176
4.694721064879559e-05
0.3960246443748474
8.040029206313193e-05
0.8066852688789368
0.00046442527673207223
1.6082570937214768e-06
0.0014397703344002366
0.0017725101206451654
0.0006289409357123077
0.0007003898499533534
0.003771830815821886
0.0005032900371588767
1.771634561009705e-05
0.0036342572420835495
0.0008386568515561521
0.0002245080249849707
0.0008221943862736225
0.00630618492141366
0.0016305691096931696
0.0017178901471197605
0.0006605003145523369
0.00022006859944667667
0.0007109643192961812
0.0001093547252821736
6.859113000245998e-06
0.00010859802569029853
0.0002833975595422089
0.00017044208652805537
0.0006150977569632232
8.508034807164222e-05
0.0029004141688346863
0.0021487122867256403
0.0036429069004952908
0.0011097489623352885
0.0021002984140068293
0.002017029793933034
4.4152577174827456e-05
0.0008604237227700651
0.0008178551797755063
0.00023756256268825382
1.2125830153308925e-06
0.015321760438382626
0.5613189935684204
0.0003274385235272348
0.0006658832426182926
0.0006149326218292117
0.00010518538329051808
0.0038858174812048674
0.0004931769799441099
0.0014910758472979069
0.0011232112301513553
0.44072967767715454
2.5216504582203925e-05
0.00025264042778871953
0.00018417714454699308
2.262063389935065e-05
0.00019179287482984364
0.014459897764027119
0.43246886134147644
0.0038922815583646297
0.0011121771531179547
0.9041719436645508
0.0012817869428545237
1.2434448990461533e-06
0.00028521561762318015
0.013686897233128548
0.00020712196419481188
0.0013627378502860665
0.00279043847694993
0.004006186034530401
9.06456116354093e-05
4.2797240894287825e-05
6.323153502307832e-05
7.720085704931989e-05
0.002297632861882448
0.00832892395555973
0.001046578399837017
0.0014695741701871157
3.0047456675674766e-05
0.0002767172991298139
0.003900826908648014
0.0002997526025865227
4.42316263615794e-07
0.0024788447190076113
5.6095268519129604e-05
0.001176541089080274
0.0011840255465358496
0.001882690005004406
0.00048816014896146953
0.0005531882052309811
0.001135990140028298
0.007238347548991442
0.002617576625198126
0.000913148105610162
0.00012388124014250934
0.7552108764648438
0.0027900661807507277
0.004953054245561361
0.0008912481716834009
9.731471072882414e-05
0.0023664929904043674
0.0026279613375663757
1.6419633539044298e-05
0.0019066627137362957
0.0017932147020474076
0.00015268541756086051
0.00023480111849494278
4.519912545219995e-05
7.424881914630532e-05
1.4160319551592693e-05
0.0010662868153303862
0.004900445230305195
0.0027855075895786285
0.0025398381985723972
7.803384505677968e-05
0.0007370151579380035
1.6617696019238792e-05
0.0019791845697909594
0.00035873043816536665
0.0026350419502705336
0.03318938985466957
0.0012119780294597149
0.0013122359523549676
0.0006441277801059186
0.00454401271417737
0.000271533994236961
0.003246776293963194
3.42030034516938e-05
5.913409495406086e-06
0.5941663384437561
0.005292699206620455
0.000816668791230768
0.0009489236399531364
0.0018490459769964218
0.0014859988586977124
0.0009371515479870141
0.0004361461033113301
0.00018842893769033253
6.687742279609665e-05
5.252511527942261e-06
1.6334748579538427e-05
0.00034208022407256067
0.00011757398897316307
0.0033142310567200184
0.0013959709322080016
0.0010297112166881561
0.00028112964355386794
5.645997225656174e-05
0.00010345893679186702
0.00036278337938711047
0.0007303457241505384
0.002573279431089759
0.0006660216604359448
0.00028643972473219037
0.0014452824834734201
0.0008133038645610213
0.0013168547302484512
0.0009557970915921032
0.0006355955847539008
0.0009050819789990783
1.7015739928183393e-09
0.001374240848235786
0.0010929921409115195
0.00028613817994482815
2.767053956631571e-06
0.0002945320447906852
2.860860331566073e-05
0.006322438828647137
3.6460551200434566e-06
4.893924779025838e-05
0.0008147914777509868
0.00011563258158275858
0.004157588817179203
0.000305254478007555
8.91160816536285e-05
0.9586391448974609
0.012812381610274315
3.769141130760545e-06
0.00012271449668332934
7.749310316285118e-05
0.00045515704550780356
0.00029302973416633904
3.0008262910996564e-05
0.507624089717865
0.0029939881060272455
0.0011181958252564073
0.00019266018352936953
3.338674650876783e-05
0.004484089557081461
4.59039474662859e-05
0.0004169654566794634
7.625508442288265e-05
0.0033642591442912817
1.0272935469402e-05
0.005151905585080385
2.089053396048257e-06
0.0013125096447765827
0.0016747358022257686
0.004254292696714401
4.8172387323575094e-05
1.930264488692046e-06
0.0005656987195834517
0.0010213736677542329
0.6466091871261597
0.01736268401145935
0.004102211911231279
2.593676526885247e-06
0.0080063221976161
0.0015881549334153533
0.00024251005379483104
4.6321940317284316e-05
0.0011664563789963722
0.0002094184746965766
5.870950553799048e-05
1.793882984202355e-05
4.7498539061052725e-05
3.171564458170906e-05
0.0005006871069781482
0.9511374235153198
0.00023485718702431768
0.00018554874986875802
1.0340842891309876e-05
0.0022074768785387278
0.0002668548549991101
0.0002238478627987206
0.021905597299337387
0.007059781812131405
1.4846677004243247e-05
0.0012553154956549406
0.0001435303274774924
0.0007832081173546612
0.0007296971161849797
7.879618351580575e-06
0.003220591228455305
0.0016351653030142188
0.016720419749617577
0.004339446313679218
0.009249710477888584
2.296302409376949e-05
0.8336828351020813
0.001367188640870154
0.000249361532041803
0.00029881077352911234
0.006657895166426897
5.522818537428975e-05
0.00029346239170990884
3.685615229187533e-05
0.0034543718211352825
7.82121715019457e-05
5.090689592179842e-05
0.004345946945250034
0.00016751719522289932
0.017177626490592957
0.009521559812128544
0.006357664708048105
0.0005861528916284442
0.011410187929868698
0.0008137858239933848
3.291726534371264e-05
0.00012681652151513845
0.00010461367492098361
0.0006077837897464633
3.15874444822839e-07
7.749088399577886e-05
0.000962038931902498
0.002592774573713541
0.00010436904267407954
0.0030655385926365852
0.04312431812286377
7.61500486987643e-05
0.0016618813388049603
8.726804480829742e-06
0.002647214336320758
0.00017646202468313277
0.0006248196586966515
0.00020178058184683323
2.593858141608507e-07
0.3677315413951874
7.410187390632927e-05
0.0005482426495291293
0.0001101877132896334
0.0015361102996394038
2.7199200758332154e-07
1.0742986660261522e-06
0.0002657019649632275
0.00048224246711470187
0.00023010924633126706
0.00028991460567340255
0.00041584038990549743
9.952487744158134e-05
9.169136205855466e-07
0.003794706892222166
8.029337550397031e-06
0.00025389037909917533
9.687717465567403e-06
0.0010846686782315373
0.0011210608063265681
0.0015622245846316218
0.0025215221103280783
0.0006992573034949601
0.923724889755249
0.006621323525905609
0.6209654211997986
0.0002868567535188049
3.5623124858830124e-05
9.60337565629743e-05
0.00014094369544181973
0.00024083521566353738
0.0008008551085367799
1.5208539480227046e-05
3.512119747028919e-06
0.0004806162032764405
0.0016719994600862265
0.010587199591100216
4.898281531495741e-06
2.1103005565237254e-05
4.047796392114833e-05
0.00019943997904192656
0.009210396558046341
0.00016113879974000156
0.00014130021736491472
0.0006738120573572814
5.446766226668842e-05
0.007390616461634636
0.0003620792704168707
0.000510715355630964
0.0015528758522123098
0.0011010465677827597
0.0002534306840971112
0.0017279112944379449
5.0715916586341336e-05
0.03762868419289589
0.0015214908635243773
0.0016928421100601554
0.000381098740035668
0.0007522032829001546
1.7312311683781445e-05
0.0006454994436353445
0.010530510917305946
0.0004648878239095211
2.8554111850098707e-05
0.07805336266756058
0.0005891282926313579
0.0005938641843385994
0.0005057586240582168
0.5926662683486938
4.2193529225187376e-05
0.00013520107313524932
0.00040576636092737317
0.46189084649086
0.002952944254502654
0.00023695970594417304
0.0004890321870334446
0.0011176791740581393
0.0001156768121290952
0.0014521372504532337
0.0005980561254546046
0.0003232749877497554
0.0005737405735999346
0.02017843909561634
4.9745056458050385e-05
0.002811020938679576
0.00010876859596464783
0.0003852114314213395
0.0004247870238032192
0.0039808317087590694
0.00203540176153183
0.0003010973159689456
0.0001619321556063369
0.0047521130181849
0.0034107903484255075
0.0026270095258951187
0.004752787295728922
0.0011000303784385324
9.593102731741965e-06
0.002582883695140481
8.801585863693617e-06
6.114999268902466e-05
0.00025105837266892195
0.003747055307030678
0.009413481689989567
4.557757347356528e-05
0.005497287027537823
0.0030272845178842545
0.008178098127245903
4.6020322770345956e-05
0.000917026016395539
0.00016111042350530624
0.0001909265120048076
5.447937655844726e-05
1.330685608991189e-05
0.7317801713943481
4.678404366131872e-05
0.0003867246559821069
4.147722938796505e-05
0.0001657484972383827
0.0004074411990586668
1.2470448673695955e-08
0.0001119506559916772
4.641674422600772e-06
0.001022305921651423
0.43588969111442566
0.0025175900664180517
0.00983267929404974
0.01271695364266634
0.017151903361082077
0.005212040618062019
0.00010592260514385998
5.2624582167482004e-05
0.001819906523451209
0.0011957717360928655
0.0019985625986009836
5.182633685762994e-06
0.0009336468647234142
0.005035518202930689
2.8251820882729817e-09
0.00021153170382604003
0.6140808463096619
0.0004202211566735059
3.822267899522558e-06
0.00015298230573534966
0.00037807042826898396
0.00033789483131840825
7.443768117809668e-05
0.0068122916854918
6.352549826260656e-05
0.000992560526356101
0.0005129990167915821
6.131580448709428e-05
8.140833961078897e-05
3.947262428027898e-08
2.5291519705206156e-05
0.0015410679625347257
5.659194721374661e-05
0.0004890853888355196
1.4757242752239108e-05
0.0008333066361956298
0.015420517884194851
0.07229901105165482
0.008731420151889324
0.0021912839729338884
0.001749194459989667
0.006792002357542515
1.8369657482253388e-05
9.668965503806248e-06
4.3099920731037855e-05
0.00015879447164479643
9.847886394709349e-05
1.147837974713184e-05
0.00011242517939535901
0.0030295609030872583
0.00020383897935971618
0.000336645171046257
0.00010073948942590505
0.00036671481211669743
0.004914502147585154
0.0006687916466034949
1.5719611837994307e-05
6.121204478404252e-06
0.0014368940610438585
2.516995891710394e-06
0.0016515605384483933
0.005702576134353876
0.0002113611699314788
6.498919537989423e-05
0.003317026188597083
0.4386535882949829
2.60980650637066e-05
0.0014586399774998426
0.002016889164224267
0.0003049570950679481
2.6659905415726826e-05
0.0006140312179923058
0.008615533821284771
4.4987318688072264e-05
0.00040087083471007645
0.0005916903028264642
0.0006381853017956018
0.00011398040078347549
0.0002678926975931972
0.0013644216815009713
0.00017256171850021929
7.158383232308552e-05
0.0003364751464687288
0.0005579389980994165
6.241117080207914e-05
1.9270569282525685e-06
0.00016503341612406075
0.00026213249657303095
0.0003616170142777264
0.00016155545017682016
7.379471935564652e-05
0.014286395162343979
9.94099464151077e-05
0.0004889056435786188
3.714307240443304e-05
0.0015400467673316598
0.0002087950415443629
8.303072536364198e-05
2.272965866723098e-05
0.0051719872280955315
2.2430249373428524e-05
0.004347745794802904
0.000477452325867489
0.0013687883038073778
0.0008334864396601915
0.0034409763757139444
0.00026939206873066723
0.0005568135529756546
8.156181138474494e-05
0.0023953127674758434
2.1629261027555913e-05
0.0018393410136923194
0.00030614720890298486
0.0003651656734291464
0.00053761265007779
0.00030769212753511965
2.1766998543171212e-05
0.0017578129190951586
0.0010439202887937427
9.800987754715607e-06
0.0003024550387635827
0.00011103308497695252
0.0007572987815365195
0.0016654557548463345
0.000292083655949682
0.0030965572223067284
0.0008823990356177092
0.0072330934926867485
0.0016816789284348488
1.8292077584192157e-05
0.0002322777727385983
0.00027385432622395456
0.006477199960500002
5.256914300844073e-05
0.0008430633461102843
1.6970469005173072e-05
0.00043642157106660306
1.0472199392097536e-05
0.004761128220707178
0.00025396994897164404
5.6664328440092504e-05
0.0005293826689012349
0.0005059396498836577
0.009860559366643429
0.00023700512247160077
0.0014553586952388287
6.317115548881702e-06
0.6415009498596191
1.8408937876301934e-06
0.00015223702939692885
0.009000682272017002
1.8002602928390843e-06
1.2006099495920353e-05
0.00024057870905380696
1.663062175794039e-05
8.513124339515343e-05
0.00012469300418160856
0.0009814578806981444
5.920237163081765e-05
3.9853708585724235e-05
6.655948709521908e-06
1.4041895610716892e-06
5.863509613845963e-06
8.917681043385528e-06
3.9838072552811354e-05
0.001097713247872889
5.40872679266613e-05
1.5671384971938096e-06
0.003437164705246687
1.2367574981908547e-06
0.0001376843429170549
0.001471390132792294
0.00026776271988637745
0.00010093345190398395
7.093219028320163e-05
5.538831828744151e-05
0.0007908247062005103
0.0008856524364091456
9.54295028350316e-05
0.003322276985272765
0.00018721609376370907
9.087019134312868e-05
0.0015107117360457778
0.7194523811340332
0.0004596266080625355
0.0002290555275976658
0.0018211215501651168
0.0001473536976845935
0.000867590366397053
2.546086534493952e-06
0.003092294093221426
1.5478167370019946e-06
0.00012445251923054457
0.00041964463889598846
0.0017885322449728847
6.182044103297812e-07
0.0012447753688320518
0.0007284957100637257
0.005071716848760843
6.68788852635771e-05
0.00019260382396169007
0.007525491528213024
2.8943137294845656e-05
0.00032383945654146373
0.00048601985326968133
0.00015630037523806095
0.553916335105896
3.6041376006323844e-05
0.0005634804838337004
6.66695341351442e-05
0.0010542294476181269
9.590223726263503e-07
5.995429432914534e-07
0.0004017135070171207
1.120277102018008e-05
8.575038009439595e-06
2.10289017559262e-05
3.4958648029714823e-06
0.0005736204911954701
3.620392453740351e-05
0.0005302164354361594
0.0008094549411907792
0.004219066351652145
0.0020149732008576393
0.0006722757825627923
0.0009582220227457583
0.00025799713330343366
0.00014161904982756823
0.0011100249830633402
0.004125114995986223
7.3566785431467e-05
0.0005893330089747906
0.0008635465637780726
1.8449801473252592e-06
0.0002501184935681522
0.003998840693384409
0.002928153844550252
0.002045582514256239
0.6381823420524597
0.010448288172483444
0.001794658717699349
0.0015501717571169138
0.010429495014250278
0.00010405021021142602
0.0007730743382126093
0.001190616749227047
0.0009627572726458311
0.0016625156858935952
3.2836521768331295e-07
0.001176017802208662
0.0016690584598109126
0.001640017726458609
9.340310498373583e-05
1.3367206520342734e-05
4.758899376611225e-05
0.0022126873955130577
0.00010074595775222406
2.863307827283279e-06
9.26027769310167e-06
0.0018488344503566623
0.9337744116783142
5.675427928508725e-06
0.0011002079118043184
0.0017093598144128919
0.0009385735029354692
0.0010324701434001327
0.09913861006498337
0.00013582831888925284
0.0001676049578236416
0.0018779608653858304
0.004113825969398022
0.00035479021607898176
0.0007110696169547737
0.0012693797471001744
0.5774177312850952
1.1393776730983518e-05
4.224465010338463e-05
0.0004464212979655713
0.0010584623087197542
0.0011419428046792746
1.4467980236076983e-06
0.0004073362215422094
0.00042838050285354257
0.0011017094366252422
8.925174188334495e-05
1.5632422218914144e-06
6.630906136706471e-05
0.00014442307292483747
0.0007483437657356262
0.0010728613706305623
7.597141666337848e-05
0.00024123440380208194
0.000279426749330014
0.00026043440448120236
0.0005808909190818667
0.001901256269775331
0.0007979409419931471
6.953998763492564e-06
5.432473699329421e-05
6.582827336387709e-05
0.00045947200851514935
0.002112254034727812
0.0025017966981977224
0.010987116023898125
9.433299965166952e-06
0.0005495516234077513
8.313619036925957e-05
7.076594192767516e-05
0.0005913677741773427
1.1644029882518225e-06
0.0003993487625848502
0.0012117319274693727
0.0039664218202233315
2.8392472813720815e-05
0.00014739856123924255
5.4924788855714723e-05
0.0004683451843447983
0.0015552983386442065
0.00018553399422671646
0.0013451697304844856
0.004531174432486296
0.0041659181006252766
1.8935264961328357e-05
0.00017331086564809084
0.0012685065157711506
4.0705435822019354e-07
0.0009964166674762964
0.00016062910435721278
0.0010103838285431266
0.002058908576145768
3.304234724055277e-06
5.3638723329640925e-05
0.005303076934069395
0.00026332493871450424
0.0005812017479911447
0.000218400833546184
1.8136809387669928e-08
8.310949488077313e-05
0.00232160952873528
0.0014064518036320806
0.004841419402509928
0.0013204189017415047
0.0014843294629827142
0.0005441934335976839
0.00011352872388670221
0.0017916318029165268
0.0007015087176114321
1.0550286769866943
0.00017082203703466803
0.0007112222374416888
2.813041464833077e-05
0.0003688107244670391
0.000497510889545083
0.0005378603818826377
0.00018543591431807727
1.863543911895249e-05
0.0003196830803062767
2.118685733876191e-05
0.0016738269478082657
0.000529323355294764
0.00021072884555906057
1.3342702004592866e-05
2.803995448630303e-05
0.0011616306146606803
0.00012472095841076225
0.001708862604573369
0.0009180642082355917
8.915238140616566e-05
7.239921160362428e-06
0.00015952388639561832
0.00010177485819440335
0.0016553569585084915
0.003621806390583515
0.0001762120082275942
0.0003997307503595948
0.0006062594475224614
3.4756114928313764e-06
0.0030330172739923
0.0010806599166244268
0.0003298473311588168
0.7198050022125244
2.4886794562917203e-05
0.0004935681936331093
9.092559776036069e-05
0.0011232886463403702
0.0007404480129480362
8.444960985798389e-05
1.9082610378973186e-05
0.0014586200704798102
0.00012149675603723153
0.0005472329794429243
0.0006012268713675439
7.564538918813923e-06
2.113618393195793e-05
4.722784069599584e-05
3.439145439187996e-05
8.070930448411673e-07
6.330502219498158e-05
0.000247143063461408
0.0004568228032439947
0.0005297173047438264
4.865149094257504e-05
0.000894072582013905
6.517937549688213e-07
5.98302976868581e-05
0.00019261601846665144
2.558308005973231e-05
5.704820296159596e-07
0.00043423622264526784
8.24982544145314e-06
0.0007261863211169839
3.8931357266847044e-05
0.0007508242269977927
1.7558128320160904e-06
0.00037017386057414114
4.4130600144853815e-05
0.0007382624899037182
0.025268442928791046
0.003551317611709237
0.0006544867646880448
0.0003218415076844394
0.0009580843616276979
2.7755513656302355e-05
0.00039029543404467404
0.00037411259836517274
0.0001238413533428684
0.002853430574759841
0.6911026239395142
0.0003870284417644143
0.00048591900849714875
1.729495488689281e-05
0.0010156582575291395
1.733190941877183e-07
0.00014237698633223772
0.0001083177630789578
0.0014627621276304126
0.0005321216303855181
0.0015459287678822875
0.00013567641144618392
5.963511995332738e-08
0.00028881424805149436
0.0007528784917667508
5.869708547834307e-05
8.645814523333684e-05
1.0688150950954878e-06
0.00031678713276050985
0.0001353644038317725
0.00030264502856880426
0.0005288976244628429
0.00014930425095371902
2.3758111638017e-05
4.353722033556551e-06
9.669332001749353e-09
0.00013286438479553908
0.0012332560727372766
0.0004403480270411819
0.0018830436747521162
0.0008945672307163477
1.2750843779940624e-05
0.00012193898146506399
0.00014777472824789584
0.0009627142571844161
0.0001974851911654696
0.0012276547495275736
2.876911821658723e-05
0.0003488091751933098
1.5438296031788923e-05
2.135363246225097e-07
0.0005337878246791661
0.00018800025281962007
0.001166372443549335
2.4858261895133182e-05
0.00014676748833153397
5.021415927330963e-05
5.2291440510998655e-08
0.0003759476821869612
2.674695679161232e-05
0.0003275911440141499
0.00012052188685629517
0.0002056595985777676
0.00029926816932857037
0.00032513769110664725
0.002813501749187708
0.001161920721642673
0.0009283944964408875
1.1585063934326172
9.39789242693223e-06
0.0009400831186212599
0.0004953649477101862
0.001055123284459114
1.4394263416761532e-05
0.0021176410373300314
0.0048864856362342834
0.000616811157669872
0.00015653645095881075
0.00022474148136097938
0.002907274989411235
0.0034068517852574587
0.00012702829553745687
0.0234727431088686
0.00116890505887568
1.7260888853343204e-05
1.1362274108250858e-06
7.324059697566554e-05
0.00045194043195806444
3.498829391901381e-05
4.4471384171629325e-05
0.00543741462752223
0.00026972111663781106
0.0006053161341696978
0.0015065347542986274
3.2041094527812675e-05
0.00015557001461274922
0.00034161240910179913
0.0028552417643368244
0.00046167601249180734
0.00015925805200822651
5.726551535190083e-05
0.0008255270658992231
0.0006608713301829994
0.0005818967474624515
0.9560872912406921
0.00016183432308025658
1.2000090464425739e-05
0.000362254650099203
0.00022929100668989122
0.0002765010576695204
0.0037194518372416496
0.0002307584509253502
0.0003607393300626427
2.8002841645502485e-05
9.17526995181106e-06
1.4294145330495667e-05
1.797062395780813e-05
5.0727325287880376e-05
2.4088894861051813e-05
2.3094317214145121e-07
2.242435766675044e-05
0.0002314363227924332
0.0023167221806943417
0.3688984215259552
4.161070592090255e-06
0.0009705043630674481
0.0019935336895287037
0.00035546263097785413
0.0010774923721328378
6.786988251406001e-06
0.00024734673206694424
6.512375421152683e-06
3.7708118725277018e-06
4.393802737467922e-05
4.9331520131090656e-05
0.0009186483221128583
0.00036440009716898203
0.00017616186232771724
0.00012541620526462793
0.00026886159321293235
4.5278661673364695e-06
3.093451596214436e-05
0.00023302377667278051
4.59118473372655e-06
0.000640998303424567
5.863921614945866e-05
0.00046119140461087227
0.0014266637153923512
9.107824553211685e-06
0.00031928237876854837
0.000866055313963443
0.0017977046081796288
8.06781099527143e-05
0.0006189161213114858
0.0010414792923256755
0.00020537547243293375
0.0008065384463407099
6.434011083911173e-06
9.443874660064466e-06
2.8095025754737435e-06
0.002631471026688814
0.0003509569214656949
0.0007600330864079297
0.0004816054133698344
0.010379943996667862
0.0006317257066257298
0.0002914418582804501
6.379668047884479e-05
0.004506968893110752
3.424735041335225e-05
0.00030181100009940565
1.592820240148285e-07
3.2726345580158522e-06
0.0001265987375518307
0.0003512415860313922
0.0030870651826262474
0.001213191426359117
2.8703007046715356e-05
4.538574103207793e-06
2.763584598142188e-05
0.00022800669830758125
1.2150326256232802e-05
0.0332680381834507
0.00020554912043735385
0.000671089394018054
0.00028591742739081383
1.153001267084619e-05
0.0005387877463363111
3.30426303207787e-07
0.0013224947033450007
8.77887759997975e-06
0.0013076126342639327
0.0018147792434319854
2.046189911197871e-05
0.782558798789978
0.00014400880900211632
3.136381565127522e-05
0.0010924466187134385
0.0008886423311196268
0.0021592106204479933
0.0004596739017870277
0.00010140339873032644
0.0001014902227325365
0.006051389500498772
0.0012363595888018608
1.1196338078889312e-07
0.002042067237198353
3.260935773141682e-05
0.00035825942177325487
0.0005661144969053566
0.0003350033948663622
9.997525012295227e-06
0.00011554927186807618
0.00077710987534374
0.5092671513557434
0.008373443968594074
0.00015233145677484572
0.0001642599527258426
0.0016813661204650998
0.00010350051161367446
2.148374915122986e-05
0.00014315122098196298
0.0001839507167460397
0.00044979125959798694
0.0026826593093574047
0.00014993672084528953
5.3462670621229336e-05
0.007411977741867304
0.00015356884978245944
5.9564634113939974e-08
0.0009249466238543391
0.0008594209211878479
0.00017021220992319286
0.0012066460913047194
0.00010306100739398971
3.487635694909841e-05
0.00046812446089461446
0.00032290362287312746
5.6487475376343355e-05
6.755480717401952e-05
0.0006166102248243988
0.03976573050022125
0.0010868742829188704
8.890464232536033e-05
2.3924656488816254e-05
0.0004775614070240408
0.005467735230922699
0.0027568722143769264
0.0024146493524312973
2.08357614610577e-05
8.658452134113759e-05
0.0008912728517316282
4.3658059439621866e-05
3.8698362914146855e-05
0.0007944145472720265
1.3916784155298956e-05
1.0287370059813838e-05
0.0004092400486115366
0.0007851701811887324
6.290350575000048e-05
0.00046710058813914657
1.573052941239439e-05
5.4627296776743606e-05
0.006099428981542587
0.00042473652865737677
0.0027297011110931635
0.0010033027501776814
7.955016917549074e-05
0.0018202968640252948
0.00019185809651389718
1.0523352102609351e-05
0.000895864621270448
0.0004977735807187855
7.181046839832561e-06
0.0001692563237156719
0.003009953536093235
0.00024505253531970084
0.000277411425486207
0.0005902134580537677
0.00028518264298327267
0.00029407610418275
0.0008782219956628978
0.0012953717960044742
0.000825149065349251
7.401646871585399e-05
2.9228940547909588e-05
0.0012834903318434954
0.0001459206105209887
0.00011529312905622646
0.00015454724780283868
0.0021825877483934164
0.0002866894647013396
0.00048585268086753786
1.8326094505027868e-05
5.136690742801875e-05
0.0009842937579378486
0.0014540520496666431
0.0006557276356033981
7.332049335673219e-06
1.3726656106882729e-05
0.00034645304549485445
0.000398319709347561
0.00041313734254799783
4.359065769676818e-06
3.0769642762606964e-05
0.0003298751835245639
0.000578042643610388
0.000313338590785861
6.203285920491908e-06
0.00019010010873898864
0.00011726025695679709
0.0018599940231069922
6.5947961047641e-07
0.0005331374704837799
0.00016085141396615654
8.57584564073477e-06
0.0026505417190492153
0.0013674200745299459
0.0070173717103898525
0.002016232116147876
0.0017644233303144574
0.0034689034800976515
0.0005549964844249189
9.167452662950382e-05
2.2048072878533276e-07
0.0003084485069848597
0.0006812435458414257
7.979190741025377e-06
0.0015401286073029041
0.0005716808373108506
0.00019498218898661435
2.69697902695043e-05
0.0013378268340602517
4.137887299293652e-05
0.0004845909134019166
0.0013564516557380557
0.0007841316983103752
7.12306282366626e-05
9.092484833672643e-05
0.6788909435272217
9.481255801802035e-06
7.202564302133396e-05
7.518004713347182e-05
0.0008438327931798995
0.00031185057014226913
7.634163921466097e-05
8.448610628875031e-07
0.00045134793617762625
0.0009064381010830402
0.00019429667736403644
7.248791007441469e-07
9.60157994995825e-05
0.0003089824167545885
0.0001681977155385539
0.00043293132330290973
0.0005720019107684493
0.2858943045139313
0.0015407620230689645
2.2852265828987584e-05
0.00011962818825850263
0.0011815563775599003
0.0030384811107069254
0.00013789371587336063
0.001696768798865378
0.05500328168272972
0.0006169690168462694
0.0019170986488461494
0.001333984429948032
0.0003898099239449948
2.2248013920034282e-05
0.00040888902731239796
0.0006412413204088807
0.00043896675924770534
0.006828721612691879
0.0018001289572566748
7.720435678493232e-05
6.138676690170541e-05
0.0005833095638081431
7.643671438017918e-07
0.00048378168139606714
0.0017190675716847181
6.130903784651309e-05
0.00029868457932025194
0.0010669243056327105
0.002114228205755353
0.00012765475548803806
0.004580690525472164
0.0013087880797684193
0.0005857031210325658
0.0010788924992084503
0.0020113280043005943
6.713410402880982e-05
0.0014041905524209142
0.0002282374625792727
0.00015696792979724705
6.688881694572046e-05
0.0014419907238334417
0.0003473951655905694
0.001760456943884492
1.5484385585295968e-05
2.0002569726784714e-05
0.0001269586937269196
7.092469331837492e-06
9.255055920220912e-05
0.0003308584855403751
0.00045058687101118267
0.0011832411400973797
0.0008671014802530408
7.958897913340479e-05
5.8824145526159555e-05
5.032380431657657e-05
4.084921911839956e-08
0.0003972752019762993
9.76722458290169e-06
0.0016517492476850748
1.335446177108679e-05
0.002042846754193306
4.1611536289565265e-05
1.8028486010734923e-05
0.0003815429226960987
0.0020511599723249674
0.0016415882855653763
0.30883145332336426
2.0963097995263524e-06
0.0019499649060890079
0.000421786739025265
0.00017712517001200467
0.0016732963267713785
0.005001354496926069
9.544857311993837e-05
0.0016829398227855563
0.00043442813330329955
5.639286609948613e-05
0.00021391584596130997
0.000217735068872571
5.022517598263221e-06
0.0002122787554981187
6.973463769099908e-06
0.0021214669104665518
0.0007613669731654227
0.00015796540537849069
0.0005702105117961764
7.776331040076911e-05
0.00041184324072673917
0.00040644709952175617
0.00011762755457311869
1.425884329364635e-05
0.00015121063916012645
2.4137554646586068e-05
2.848676786015858e-06
0.00010698074038373306
0.00044672266812995076
5.223862535785884e-05
0.00017708094674162567
0.0017409366555511951
0.0016188937006518245
0.0020007574930787086
0.0005578147247433662
0.0018948467914015055
0.0016426033107563853
1.1206063391000498e-05
0.000255407125223428
0.005035486537963152
0.00014388903218787163
0.0013727213954553008
0.001865186495706439
0.005083592142909765
5.9506997786229476e-05
2.0178464183118194e-05
0.03399134427309036
6.195349124027416e-05
3.061226016143337e-05
5.875531314813998e-06
0.0002259382017655298
0.0036100486759096384
3.1080238841241226e-05
1.4722579180670436e-05
4.4484066165750846e-05
2.0583027435350232e-05
4.1387174860574305e-06
0.00019613670883700252
0.0028136163018643856
1.1074106623709667e-05
0.0004859253531321883
0.0006195027381181717
0.0006334969657473266
3.1591509468853474e-05
0.00015864631859585643
0.015487566590309143
0.0019121367949992418
0.0006290783057920635
0.00015070606605149806
0.0006269723526202142
5.5220985814230517e-05
0.00011324152728775516
0.002137871226295829
0.00010414766438771039
0.0004974980838596821
0.0014274585992097855
0.3054482936859131
0.00021653124713338912
0.002073537791147828
0.0006747714360244572
3.102122718701139e-05
0.0030780902598053217
0.0002092114300467074
0.00017087813466787338
0.004802150651812553
0.006508208811283112
0.0005766226095147431
1.036702815326862e-05
0.0013740237336605787
5.2000719733769074e-05
0.00011150491627631709
0.00329006789252162
0.0015701480442658067
9.70203586803109e-07
0.00033048426848836243
7.876729796407744e-05
0.01138615794479847
0.001928144134581089
0.00015633428120054305
5.089594560558908e-05
0.0009543782216496766
2.598641515305644e-07
0.0001814628194551915
1.0042251348495483
0.00032033497700467706
6.056336860638112e-05
1.5754130799905397e-06
9.537950973026454e-05
4.376135257189162e-05
0.001467568683438003
0.0018924761097878218
0.7060976028442383
2.915229799782537e-07
0.0030940368305891752
0.0005558549310080707
0.0008381252409890294
7.96606473159045e-05
0.001415602513588965
0.00017006314010359347
0.0021094854455441236
0.0004650950722862035
0.0011012020986527205
0.00013347707863431424
2.6514497221796773e-05
0.0006603067158721387
0.00019925105152651668
1.2596526175912004e-05
0.00021939579164609313
1.3909919289289974e-05
0.0002829055883921683
4.624222492566332e-05
0.0027881453279405832
0.0005553549854084849
0.0011438606306910515
0.00010186812141910195
0.0004947292036376894
0.0009602709324099123
4.499461283558048e-05
0.00011496999650262296
4.187412741885055e-06
1.1850843293359503e-05
0.0002075507363770157
0.0016775695839896798
1.9137785784550942e-05
3.0054767194087617e-05
1.0514628229429945e-05
7.106941666279454e-06
0.00016200554091483355
7.300791821762687e-06
8.352733971150883e-07
0.0001241987629327923
0.0010651212651282549
0.8648234009742737
0.0004610045289155096
3.134312282782048e-05
0.00012969969247933477
0.004124803934246302
0.0006498139118775725
0.003210435388609767
0.0022123788949102163
0.0007576337666250765
0.0001991523167816922
2.8088172257412225e-05
0.005866010207682848
6.918614235473797e-05
0.00018057346460409462
0.00019405757484491915
0.00012195792805869132
0.002568537602201104
5.32829915300681e-07
1.638426874706056e-05
3.054954731851467e-06
0.0012409869814291596
0.002718871459364891
0.0004252232611179352
0.4939195215702057
0.0005245553911663592
0.014018780551850796
0.006092121358960867
0.0006755245267413557
0.0008209531661123037
0.0073712486773729324
2.5465111320954747e-05
0.08793499320745468
0.03176514804363251
0.00015410278865601867
0.002056279219686985
6.262287570280023e-06
0.0015344287967309356
0.00032368890242651105
0.0014128636103123426
5.703813076252118e-05
0.0001603787677595392
3.0693299777340144e-05
0.00041719406726770103
0.0071997386403381824
0.00032942552934400737
1.4030193597136531e-05
4.3957388697890565e-05
0.025450190529227257
5.879356467630714e-05
9.232999582309276e-05
0.00013612180191557854
0.002699364675208926
0.0031255839858204126
1.9375213014427572e-05
5.909378728574666e-07
0.4970026910305023
6.459189989982406e-06
0.005393779370933771
6.998241133260308e-07
4.381250619189814e-06
0.00012967204384040087
0.0002704702492337674
0.00011784648086177185
1.786366556189023e-05
0.0020705710630863905
0.0007999196532182395
0.0009507780778221786
0.0008271248079836369
9.249286813428625e-05
0.002675555879250169
0.0008933134959079325
0.0023336722515523434
0.008276768028736115
0.00017997270333580673
0.0004526233533397317
2.050938064712682e-06
0.00029060919769108295
0.00012646219693124294
2.2739783162251115e-05
0.000647911976557225
0.0008268497185781598
9.072621469385922e-05
0.00021315808407962322
0.001402661087922752
9.59740427788347e-05
1.603328719790298e-10
0.00028223954723216593
9.474007674725726e-05
3.2037510777627176e-07
0.0014392741722986102
2.8479989850893617e-05
6.540815229527652e-05
3.009141664733761e-07
9.893834794638678e-05
0.000136475995532237
0.0004150919849053025
0.000596380908973515
0.0020317353773862123
0.0021787898149341345
0.001182329491712153
0.0027808789163827896
0.0003317143127787858
7.409353565890342e-05
0.0006486903293989599
0.00020924281852785498
0.0007027694373391569
0.5108262896537781
0.4028913676738739
0.00011211169476155192
0.006633867044001818
0.00018904585158452392
0.00016271907952614129
0.007001881487667561
0.00022691392223350704
0.004414188675582409
0.0001847644743975252
5.106511525809765e-05
0.00024178937019314617
0.00023787697136867791
2.435902388242539e-05
0.0019161142408847809
0.0010552085004746914
3.551444024196826e-06
3.734311030711979e-05
0.00023372370924334973
1.7647607819526456e-05
0.005311363842338324
0.00046869480866007507
0.0006055214325897396
0.0005598735297098756
0.0002477321249898523
0.0011673688422888517
0.0019084312953054905
0.0001000706761260517
7.852882117731497e-05
0.00016440583567600697
0.013760578818619251
8.508493010594975e-06
3.307261795271188e-05
0.006339779123663902
0.0019317647675052285
3.531389666022733e-05
0.0006446774350479245
1.1170649486302864e-05
0.0003800987033173442
0.000234776918659918
4.997864948563802e-07
0.00018241281213704497
0.0021608469542115927
2.3621254513273016e-05
0.0010673010256141424
0.0022106908727437258
2.872943878173828e-05
0.000135478432639502
0.0069547416642308235
0.0006940225139260292
0.005313760135322809
9.203270565194543e-06
0.0003822249127551913
0.00013991104788146913
0.00021706857660319656
8.518405593349598e-06
8.823836833471432e-05
0.0010128769790753722
7.366491627180949e-05
3.066880162805319e-05
0.02795957773923874
0.00026293023256585
2.5290770281571895e-05
0.0009122774354182184
0.0006867490592412651
0.00040693001938052475
0.000419638236053288
0.0005326020764186978
2.315593883395195e-05
0.00033978556166402996
0.0006090371171012521
0.0028891179244965315
0.0018529194639995694
0.003933439496904612
0.00383318611420691
0.8884471654891968
6.851380021544173e-05
0.00013529957504943013
1.2099114599095628e-07
0.00031199544901028275
0.007141503039747477
0.0013817789731547236
5.159483407624066e-06
0.0006359252729453146
0.0004388105880934745
4.5504717149924545e-07
0.0003704352129716426
0.00014513182395603508
1.3943980775366072e-05
0.0005062924465164542
0.014861960895359516
0.0001718854036880657
0.00036035312223248184
0.0001983921101782471
1.2857324691140093e-05
1.873923793027643e-05
0.0006379884434863925
0.015474031679332256
0.0019672333728522062
0.0018134473357349634
0.00476290937513113
0.00031937810126692057
4.14446077456887e-07
0.0009776403894647956
9.86785234999843e-05
0.006579299923032522
2.537777277211717e-07
1.2160508958913852e-05
0.0006213758024387062
0.002725164173170924
0.4783407747745514
0.00010469640983501449
0.00010992493480443954
0.00011193473619641736
0.00010853366984520108
0.0004137966607231647
0.004922262858599424
0.0009939605370163918
0.08011831343173981
0.0004744689795188606
0.0007233571377582848
3.530698813847266e-05
1.350714087486267
6.604661757592112e-05
1.1972692012786865
8.465196879114956e-05
0.0014990241033956409
0.00022350004292093217
0.0424150787293911
0.00036400952376425266
0.0008438850636593997
3.7650052036042325e-06
5.3194888494090264e-08
0.0009675439796410501
0.0007832606788724661
0.05047782510519028
9.459063585381955e-05
0.0009827053872868419
0.003613166743889451
0.00020251744717825204
0.0011796794133260846
0.00020474610209930688
0.0007603112608194351
0.00015690170403104275
3.957361332140863e-05
0.0019689106848090887
8.524027362000197e-05
0.0005418020882643759
0.000579218496568501
4.970160807715729e-05
0.0006960181635804474
0.039472077041864395
5.9275083913234994e-05
0.00011749628174584359
2.7052385121351108e-05
0.0003169345436617732
0.003968250006437302
0.0002525627496652305
0.00021376680524554104
0.0001886888057924807
0.0001490794966230169
6.138969183666632e-06
0.00021920738799963146
0.000632244220469147
0.0036604537162929773
6.589460099348798e-05
0.00011804841051343828
0.0009101080358959734
1.4189212379278615e-05
1.0535028849290029e-07
0.7465947866439819
0.0028477325104177
0.0011255041463300586
0.0007570355664938688
0.0014474592171609402
2.709870841499651e-06
5.742812163589406e-07
0.001397794927470386
9.749001037562266e-05
1.7761343769961968e-05
8.750768029130995e-05
0.0006586520466953516
0.0002395011397311464
0.00032518000807613134
7.31967666069977e-05
3.4482702176319435e-05
4.1918892179637623e-07
0.2451508343219757
0.00016756528930272907
0.005320778116583824
3.0166593205649406e-06
0.00037478934973478317
0.00010614778148010373
1.1245907671764144e-06
0.0005734731093980372
0.00025552991428412497
0.002571909222751856
0.00039922207361087203
0.00037235725903883576
0.0006650848081335425
0.00046591024147346616
0.0011612792732194066
0.0002278978645335883
2.462775455569499e-06
6.186403879837599e-06
0.0005844610277563334
3.0215178412618116e-05
0.00034221113310195506
0.0021834091749042273
0.0001693956583039835
0.002569928765296936
0.005658766254782677
0.0001640622940612957
0.006665113382041454
0.004705056082457304
0.005604713223874569
0.0007815680000931025
4.7719222493469715e-05
0.0006221284274943173
8.736676136322785e-06
1.5870642755544395e-07
6.410198693629354e-05
0.00014352497237268835
0.002578092971816659
0.0006121182814240456
0.8921137452125549
3.145509936075541e-06
0.004259872250258923
0.0011964896693825722
0.0015659243799746037
0.0012312495382502675
8.406062261201441e-05
7.132797327358276e-05
0.000842202571220696
0.00029567984165623784
2.2374953914550133e-05
0.00043038176954723895
5.329999108738548e-09
5.904551289859228e-05
0.0003745946451090276
0.0001970229932339862
0.0020210666116327047
0.0012998374877497554
0.00026013352908194065
3.466671927299103e-08
5.574178430833854e-06
1.5622399587300606e-05
3.2086278224596754e-05
0.0008103963336907327
0.0021490161307156086
0.0003006251063197851
0.00011070826440118253
0.00016381674504373223
0.00492151640355587
8.72756791068241e-05
0.0010521437507122755
0.07053637504577637
7.76806118665263e-05
3.383614239282906e-05
0.006033384706825018
1.611279714097691e-07
0.0004426960367709398
0.0033958766143769026
0.013040614314377308
4.471109207315749e-07
0.0005501647247001529
0.00012697733473032713
0.00021710075088776648
3.93660411646124e-05
0.002297795144841075
0.0005703019560314715
0.002482938813045621
0.000215352643863298
0.0015127938240766525
0.0004873755679000169
0.0004622470587491989
0.0014349177945405245
0.00020957100787200034
0.0006138895405456424
0.00030094609246589243
0.0037874954286962748
0.0026357679162174463
0.0005243921186774969
0.0012439845595508814
3.138932697765995e-06
0.0008655589772388339
0.0016920868074521422
4.010498741990887e-06
2.4688895791769028e-05
0.0003161696658935398
0.006568024400621653
0.00027727705310098827
0.0003215612086933106
0.0004703347512986511
0.00011173677194165066
0.0002906620502471924
5.847598731634207e-05
0.00013428027159534395
0.0004095904005225748
0.00010121674131369218
8.497262024320662e-05
0.00023890285228844732
0.0006449678330682218
2.1117553842486814e-05
2.133552698069252e-05
0.00019144592806696892
0.0004459982446860522
2.5632207325543277e-05
0.00013336313713807613
0.0018842809367924929
7.980408554431051e-05
0.00010806698264786974
0.0008464609272778034
6.762675184290856e-05
1.028232782118721e-05
8.245620847446844e-06
1.314887299486145e-06
0.000521689944434911
9.633495938032866e-05
0.00014712323900312185
0.0002439688250888139
0.0010622437112033367
2.345855591556756e-06
5.7105731684714556e-05
1.9953026821895037e-06
2.0667281205533072e-05
0.774594783782959
3.271973037044518e-05
0.00042789234430529177
0.0026919811498373747
0.002356888260692358
0.00013748054334428161
0.00030589435482397676
3.293003203452827e-08
0.0003179011691827327
4.521142545854673e-05
0.001112571801058948
7.187321170931682e-05
0.00039108627242967486
4.9870308430399746e-05
0.8032617568969727
0.00028159827343188226
5.680504909832962e-05
1.5356048606918193e-05
7.400575850624591e-05
0.0007272930233739316
8.717851414985489e-06
0.00016449163376819342
0.000250408862484619
0.00021903506421949714
6.692598981317133e-05
0.016696562990546227
0.002023730892688036
3.682892565848306e-05
5.897894880035892e-05
0.00014628174540121108
0.0003047289210371673
2.6998718567483593e-06
1.3064450286037754e-05
0.0005326148238964379
0.0005283950013108552
0.00878498237580061
0.0004647606110665947
0.0001626392622711137
0.00015975093992892653
0.001863690558820963
0.0008879166562110186
0.00013457216846290976
0.00011806593829533085
0.0004627918533515185
0.00014249801461119205
0.0012527193175628781
0.00039864511927589774
0.0010286531178280711
0.000473896914627403
0.0003849839267786592
8.293231076095253e-05
2.313029426659341e-06
0.0005544286104850471
0.5359188318252563
0.00016830228560138494
6.739246316556091e-08
0.0063894372433424
2.5804692995734513e-05
0.0023427950218319893
0.003442205488681793
1.7681255712886923e-06
2.1399620891315863e-05
0.0003278932999819517
0.0005085513112135231
0.00011032790644094348
0.00035889330320060253
0.0010284899035468698
2.47384878093726e-06
0.0002375181211391464
6.423386366805062e-06
0.0007590011809952557
7.429555989801884e-05
0.0008937036618590355
4.077505582245067e-05
3.064081465709023e-05
1.116172143156291e-06
0.0002510215563233942
5.01646900374908e-05
0.0006579167093150318
0.0013545852852985263
0.002037412254139781
0.020134679973125458
0.0005594477988779545
0.00011395729234209284
0.00018515194824431092
7.3379029345233e-05
0.0006178870098665357
0.4795226454734802
0.0003708242147695273
0.00014569461927749217
0.0003079078742302954
2.693377894047444e-07
0.0001673868828220293
9.566651897330303e-06
4.797866495209746e-05
2.2511729184770957e-05
0.00026369988336227834
5.792446972918697e-05
0.00033220165641978383
2.7989477530354634e-05
0.0005010913009755313
3.500965249259025e-06
0.0004745553305838257
1.900779352581594e-05
0.00030536812846548855
1.3546826839447021
0.002422704128548503
3.937705514545087e-06
0.0006452531670220196
0.0004258841508999467
0.0034915474243462086
0.0007383293122984469
0.0012731384485960007
0.0004547991557046771
0.0020001083612442017
0.00040736538358032703
0.006993470247834921
0.00014092955098021775
4.7404646466020495e-06
0.00014681127504445612
0.00030271074501797557
0.00045126426266506314
0.0006915386184118688
3.2766027288744226e-05
0.001342534669674933
6.475492409663275e-05
0.00019566611445043236
0.00596208730712533
7.262853159772931e-06
1.9264654838480055e-05
0.00014873562031425536
1.120859815273434e-05
0.0002616381680127233
0.0003064685151912272
0.00286356033757329
1.5207217074930668e-05
4.67155496153282e-06
2.4692833903827704e-05
0.0001608033198863268
0.0004324219189584255
0.0002596915001049638
0.0008232407853938639
0.00024699399364180863
0.0008806637488305569
0.0001912962761707604
0.0002450901083648205
0.0018990890821442008
7.058386108838022e-05
0.003745830385014415
3.177874896209687e-05
0.001554024056531489
2.997300907736644e-05
0.0001047759797074832
0.0018655681051313877
0.0001154099591076374
0.00023234658874571323
0.00034073906135745347
6.063638693376561e-07
0.0001169185052276589
1.0216506041160756e-07
0.00010769342043204233
0.00012928976502735168
0.0007395027205348015
0.00010822837066370994
0.0001223431172547862
9.150624828180298e-05
0.00010282704170094803
3.82150974473916e-05
7.303570328076603e-06
2.069201582344249e-05
0.0003016779664903879
0.001996387494727969
0.017552686855196953
0.0003221845254302025
0.00010222306445939466
0.0002228265511803329
7.814376346004792e-08
9.380915457768424e-07
0.00012999896716792136
0.00038660684367641807
0.00023393197625409812
0.0006475031841546297
0.0006521218456327915
0.0005636598798446357
0.0014090342447161674
0.012702642008662224
0.00030320638325065374
4.820259346161038e-05
0.011130077764391899
0.7143850922584534
0.0001045620083459653
0.00020326384401414543
1.4714262874804263e-07
9.293209473071329e-07
5.723007689084625e-06
6.136571028036997e-05
3.752346401597606e-06
0.0772886723279953
1.5549339593690092e-07
1.0447235581523273e-05
0.0011473225895315409
0.00017299244063906372
5.58604187972378e-05
2.0598225091816857e-05
0.0011417792411521077
0.00044695386895909905
1.8495572930987692e-06
0.9767794609069824
0.019436022266745567
0.0017604860477149487
0.0017178549896925688
4.375524076749571e-05
2.930378104792908e-05
4.2858968640757666e-07
0.00015920841542538255
8.839338988764212e-05
2.030014229603694e-06
0.0002892545599024743
0.00011050856846850365
2.2086966055212542e-05
0.00021386492880992591
0.0005984856397844851
8.404448453802615e-05
0.0006347802700474858
0.0003676757914945483
0.001272843568585813
0.0018287071725353599
6.03955086262431e-05
0.00011788466508733109
4.307788913138211e-05
2.1798965462949127e-05
0.0001206688757520169
0.001081096357665956
0.0007404587813653052
0.000790723308455199
3.075051063206047e-05
0.00011584482854232192
0.002525207819417119
0.000348441768437624
0.00035778642632067204
1.627031269890722e-05
0.010401939041912556
0.001221760525368154
0.0014505425933748484
0.00014042030670680106
0.0005776034668087959
0.012848335318267345
0.0014315327862277627
0.0006357082747854292
0.00023840930953156203
0.00041456223698332906
0.00016899066395126283
8.832780440570787e-05
1.1227959475945681e-05
0.00620827404782176
0.0003639715723693371
3.3812798392318655e-06
0.0003728976007550955
0.0013670803746208549
0.0006651812582276762
0.00023877242347225547
0.0009067844948731363
1.0686470375276258e-07
4.985700343240751e-06
7.850566180422902e-05
0.00016639057139400393
0.0003451761440373957
0.0007116259075701237
0.0015350229805335402
5.308782056090422e-05
0.0002751248830463737
0.004362459760159254
0.26974979043006897
0.0006299362285062671
1.0454509720148053e-05
0.0021853074431419373
9.146441880147904e-05
0.00015845103189349174
0.00014078541425988078
0.00026528816670179367
0.0006530988612212241
0.0002055161166936159
0.1236608475446701
0.0004211040213704109
6.696213677059859e-05
0.0004198343667667359
4.737350536743179e-06
5.678514298779191e-07
0.0005120081477798522
0.002908300142735243
8.818099013296887e-05
7.75038861320354e-05
0.0014442907413467765
4.1512554162181914e-05
0.000649113382678479
9.625698294257745e-05
8.822885138215497e-05
2.6052746306959307e-06
0.003808782435953617
0.0014612057711929083
0.004407146479934454
0.0002563743619248271
0.002276831539347768
0.00015451501531060785
4.2742325604194775e-05
1.1300138794467784e-05
0.06207267567515373
0.00016862977645359933
0.00017547000607009977
6.816146924393252e-05
0.00219633593223989
6.591311102965847e-05
4.268039992894046e-05
2.436213253531605e-05
0.002513008890673518
7.28825616533868e-05
0.00012427520414348692
0.0001753246906446293
0.00017076537187676877
0.004480151925235987
0.00043125418596901
0.0016853748820722103
0.012821496464312077
0.0076576410792768
0.00027128212968818843
4.9138609028887004e-05
1.3993907259646221e-06
3.243557422649701e-09
0.0006771011394448578
0.0068856109865009785
4.1535407945048064e-05
3.941432169085601e-06
0.00034522515488788486
7.122370880097151e-05
0.00044421839993447065
0.0011464455164968967
0.3790949285030365
2.2361422452377155e-05
1.0688175677842082e-07
0.000651177077088505
4.4977423385716975e-05
9.694556501926854e-05
0.00021111086243763566
0.00044835242442786694
0.0010917210020124912
0.000267968192929402
7.8843098890502e-05
4.6178927732398733e-05
1.3218110325396992e-05
2.498808862583246e-05
1.980891511266236e-06
0.00010871465929085389
0.00016685915761627257
0.000570666219573468
4.0631719457451254e-05
0.0006021375302225351
1.287843942642212
0.0004932744195684791
0.0002646508510224521
1.6100237587579613e-07
0.00016683602007105947
0.8281969428062439
0.00014165886386763304
0.005633785855025053
0.0009873503586277366
8.836082270136103e-05
6.200113148224773e-06
6.142921483842656e-05
0.0005912574124522507
9.73820497165434e-05
0.00010407043009763584
0.002541258465498686
0.0011388863204047084
8.984017767943442e-06
4.6924087655497715e-05
1.3094871064822655e-05
7.45169963920489e-05
2.218425834144e-05
1.6742242223699577e-05
0.0036983054596930742
0.004178671631962061
0.5547410249710083
0.001688050222583115
0.005771327763795853
0.0004502728406805545
0.0005167900817468762
0.00047597134835086763
0.0002278934116475284
5.181745655136183e-05
0.0008108808542601764
0.0001816613948903978
0.0005226723151281476
9.022864105645567e-05
1.2633786354854237e-05
0.00016151866293512285
0.0002260968612972647
0.001004465389996767
0.0028022518381476402
0.07289310544729233
2.5335596092190826e-06
5.018470255890861e-05
0.0018304456025362015
0.0007129495497792959
2.686198422452435e-05
4.4688076741294935e-05
0.6773506999015808
0.0006236989866010845
5.193290689931018e-06
0.00029471004381775856
6.309747550403699e-05
4.781829920830205e-05
0.001028899452649057
0.0013684261357411742
2.464878161845263e-05
2.177521128032822e-05
1.7577067410456948e-05
3.319312611438363e-07
5.06709584442433e-05
0.00011252734839217737
0.0008990148780867457
0.0003491789975669235
0.00017240985471289605
0.0019001200562343001
0.0011870046146214008
0.0006279159570112824
0.5455623865127563
0.0007534339092671871
0.00032823660876601934
2.859589221770875e-05
0.011576750315725803
0.00040661176899448037
0.0033729616552591324
0.7807263135910034
0.03917316719889641
6.697567732771859e-05
1.0691281204344705e-05
0.0030801778193563223
9.596163727110252e-05
0.0007071650470606983
0.0009263143874704838
0.01904643326997757
0.0025381764862686396
0.000193353058421053
0.00277893478050828
0.005247051361948252
0.0009314560447819531
0.0007706276956014335
6.0806078181485645e-06
0.010526622645556927
2.364378269703593e-05
0.005126611795276403
0.0016946241958066821
0.008925177156925201
4.73465770483017e-05
0.004936193581670523
0.000478060421301052
0.039469633251428604
1.2167316526756622e-05
0.0002532110665924847
0.0001181532206828706
4.597868610289879e-05
0.0017596742836758494
0.0007971582235768437
0.0002394326584180817
0.0005546991596929729
0.013539055362343788
0.0016977922059595585
0.0001583113189553842
0.003423403250053525
0.00017568179464433342
1.3985447822051356e-06
9.589158435119316e-05
0.0032406013924628496
0.0028124842792749405
0.00016539503121748567
8.827183046378195e-05
0.0002987288753502071
0.0006094284472055733
0.0001446671667508781
0.0013162583345547318
1.3746383046964183e-05
2.664705789356958e-05
0.0010307558113709092
1.0048996955447365e-05
0.0013506446266546845
4.769481165567413e-08
2.86573213088559e-05
0.001600191812030971
6.619738269364461e-05
0.00018581165932118893
2.16181742871413e-05
0.0001561886165291071
1.4616845874115825e-05
0.0005338688497431576
0.00011349379929015413
0.000338763406034559
0.00020580033014994115
0.41916561126708984
9.889068314805627e-05
0.013674243353307247
0.0003444925241637975
0.0009709363803267479
0.0016151388408616185
0.00031977114849723876
4.1874813177855685e-05
0.0003127173113171011
0.010429239831864834
0.6446049809455872
0.0001243680017068982
0.00188982835970819
1.3230485819804017e-05
0.0130079360678792
1.8455913959769532e-05
0.021741045638918877
0.00022865412756800652
0.0007293160306289792
0.0005825659027323127
0.0003072683175560087
3.0916038440409466e-07
0.0006141860503703356
0.0003096723521593958
0.0005228130612522364
0.00011537778482306749
0.0005479708779603243
1.6306727047776803e-05
0.00032245746115222573
0.0005795335164293647
9.408830010215752e-06
1.5556768630631268e-05
0.0007145242998376489
0.00012074983533238992
0.00039587056380696595
0.00043037813156843185
0.00016627274453639984
0.0048434496857225895
0.0014432244934141636
0.000532650388777256
0.00010274160740664229
8.24750622996362e-06
0.0006545432261191308
5.010552740714047e-06
0.0006225809920579195
0.0059591480530798435
0.0030677879694849253
0.003974829334765673
1.768323727446841e-06
0.0001080803049262613
0.00023613145458512008
1.9690634871949442e-05
1.4630436453444418e-05
0.007073753979057074
0.004620811436325312
0.00023696177231613547
0.00018545215425547212
0.004514443688094616
0.3227390646934509
4.809828533325344e-05
0.00014079682296141982
0.005798391532152891
0.0007266484899446368
5.939746188232675e-06
0.0005424501723609865
0.0007786082569509745
0.00189188530202955
0.0015608532121405005
0.001534267095848918
5.8023291785502806e-05
0.0002210383245255798
0.8531269431114197
3.821274731308222e-05
0.0017148873303085566
0.001543504768051207
5.7476350775687024e-05
0.0022116252221167088
0.0027826130390167236
3.618823393480852e-05
0.0003082277253270149
4.0553513827035204e-05
2.87544826278463e-05
2.7421372124081245e-06
0.000573206227272749
0.0002608936629258096
0.009725495241582394
0.0001248346088686958
4.422112397151068e-05
0.015123060904443264
8.667459638900255e-08
0.0007355872076004744
0.002279360545799136
0.0007189218304120004
0.0001927301927935332
0.0001719322899589315
0.00014464992273133248
7.234988152049482e-05
7.979023939697072e-05
0.0015904833562672138
7.85129886935465e-05
0.0071665034629404545
0.0001719671708997339
0.007936879992485046
2.963648148579523e-05
0.00020114977087359875
0.0016489053377881646
8.127588807838038e-05
0.0008834353648126125
0.0017272061668336391
0.0007211137562990189
0.000950571324210614
5.899322331970325e-06
0.5995535850524902
0.0006538716261275113
2.8016583542012086e-07
0.0037584046367555857
0.0008697678567841649
0.0017630747752264142
0.000256599101703614
0.004423191305249929
0.000504808034747839
0.00052482052706182
4.030757554573938e-05
0.0002752842556219548
4.380970494821668e-05
3.946262950194068e-06
0.01441390160471201
6.278135697357357e-05
0.0024230685085058212
5.9513491578400135e-05
3.0746764423383866e-06
0.008571683429181576
0.00041821939521469176
2.6746898583951406e-05
0.00022278389951679856
0.003834398463368416
0.001823252416215837
2.5481243937974796e-05
0.00017555417434778064
0.007130366750061512
0.0045868707820773125
0.5357327461242676
9.663883702160092e-07
0.0021697853226214647
0.0013404967030510306
0.2424667626619339
0.10094819217920303
0.001089209457859397
0.0011732500279322267
0.0030472534708678722
0.001996509963646531
0.006435243412852287
0.0007666124729439616
0.0008280316833406687
4.664828156819567e-05
1.673465158091858e-05
0.7062866687774658
0.0036684945225715637
4.3471238313941285e-05
0.00043008310603909194
0.00086669169832021
0.0012754453346133232
2.493554711691104e-05
7.45102261134889e-06
0.0012618140317499638
0.00011784387606894597
1.6935459825617727e-06
0.00019804344628937542
0.0006402074359357357
3.619137351051904e-05
0.0037010516971349716
0.008111897855997086
0.0001070285215973854
3.444045069045387e-05
0.00181675236672163
4.737129347631708e-05
0.0013979849172756076
0.002198898233473301
0.0010452688438817859
2.3886808776296675e-05
0.001538158510811627
0.0024754672776907682
0.00037272379267960787
0.0007186373695731163
5.634537592413835e-05
5.077397872810252e-05
0.00012229919957462698
8.892030746210366e-05
5.985395432617224e-07
0.0001279312709812075
0.006454184651374817
4.037894996145042e-06
9.134331776294857e-06
0.006983951665461063
3.892123913828982e-06
0.0012086312053725123
0.00011021942918887362
0.0004029058909509331
0.0008086275774985552
7.348539656959474e-05
2.367937304370571e-05
1.5797961168573238e-05
5.315777798386989e-06
2.3542452254332602e-05
8.69626019266434e-05
0.0018774403724819422
0.7965648174285889
0.0010843572672456503
0.0039282809011638165
0.0010849694954231381
0.0003567513485904783
0.00022152344172354788
0.00137441570404917
0.00026602178695611656
0.00013465566735249013
0.0006363313877955079
8.12007492640987e-05
7.982878014445305e-05
0.00019098148914054036
1.741222877171822e-05
0.0005530379712581635
9.478232823312283e-05
0.00033708754926919937
0.0016321592265740037
0.0006655153702013195
8.279625762952492e-05
0.013826070353388786
0.0009113824926316738
7.919542440504301e-06
0.00019610636809375137
0.003717535873875022
0.0025524708908051252
0.001541977166198194
0.012113509699702263
0.005656596273183823
0.004772586282342672
0.0012657196493819356
0.0038834454026073217
0.00103356025647372
0.00028302439022809267
1.1896788691956317e-06
0.0008034537895582616
0.0010295434622094035
0.016529599204659462
0.0033625042997300625
4.975346746505238e-05
0.00020049051090609282
0.0008340480853803456
9.021710138767958e-05
6.844773452030495e-05
0.002266618423163891
0.004036440048366785
2.0855684397247387e-06
4.5986111217644066e-05
0.00018161510524805635
0.0002074702497338876
0.000454223743872717
7.431084668496624e-05
0.0001703149318927899
9.354951180284843e-05
5.0011836719932035e-05
7.721141446381807e-05
0.0004165211576037109
1.6358517029857467e-07
4.0515755017622723e-07
0.011508079245686531
0.025667186826467514
0.008716797456145287
0.00022994427126832306
0.8314641714096069
0.01782670058310032
0.00018774811178445816
0.0007259068661369383
0.00014664232730865479
1.1278809324721806e-05
0.06972470134496689
3.171080243191682e-05
0.00018723424000199884
0.00016100311768241227
0.001126099145039916
0.00017430107982363552
6.013384563630098e-07
6.738641968695447e-05
0.00031161413062363863
5.712371603294741e-06
0.0006054580444470048
5.4323965741787106e-05
0.0001920614595292136
0.00020049820886924863
0.032571256160736084
0.0002821824746206403
0.0006622332148253918
0.0012209996348246932
6.153496912020273e-08
0.0015508506912738085
0.0006788141326978803
0.00020448472059797496
0.00036047023604623973
4.7110046580201015e-05
0.1477053165435791
2.1263351300149225e-05
0.0007813855772837996
3.925234341295436e-05
0.010651648975908756
0.00013588981528300792
2.0878178474958986e-06
0.014950095675885677
4.131697642151266e-05
0.00041586256702430546
6.6566408349899575e-06
0.0008070184849202633
0.012426009401679039
0.0018393397331237793
6.6341308411210775e-06
2.174061464188526e-08
0.0003995801671408117
2.619460474306834e-06
1.337353523922502e-06
1.7590813513379544e-05
2.821632006089203e-05
0.0004520266084000468
2.2159436412039213e-05
3.3095038816099986e-05
4.767054633703083e-05
2.922128805948887e-05
3.68967380381946e-06
5.064333163318224e-05
0.0010892335558310151
0.0008492200868204236
0.00030237820465117693
4.409871507959906e-06
4.1632989450590685e-05
0.00178893085103482
5.252058690530248e-05
0.0013216689694672823
0.0008987192995846272
0.0022128713317215443
2.7673266345118464e-08
0.0016543555539101362
0.002925086533650756
1.060500979423523
3.2893331081140786e-05
0.000279060477623716
0.0012811333872377872
0.00023565632000099868
0.0013713770313188434
0.0002682598715182394
0.00012222991790622473
8.377111953450367e-05
0.003400005865842104
0.00032468236167915165
0.0006594297592528164
0.001162647153250873
0.001831033150665462
0.0036985448095947504
0.0006928069633431733
1.3463072434660717e-07
0.0016319304704666138
1.492489445809042e-05
9.98205941868946e-05
2.255512481497135e-05
0.00033416456426493824
0.0038603239227086306
1.0988495887431782e-05
6.115681026130915e-05
0.0003129169635940343
3.772477793972939e-05
0.00042751862201839685
0.00309787318110466
0.0005428222939372063
0.00018089564400725067
1.1962625649175607e-05
0.0017108534229919314
0.8736318945884705
0.0003091894614044577
0.0005515395314432681
0.0001500769576523453
0.00018996349535882473
2.4031554858083837e-05
0.00045767324627377093
0.010037334635853767
0.00022811369854025543
2.5553365048835985e-05
0.00014311284758150578
0.0002874860947486013
0.003800921840593219
1.3707098332815804e-05
3.5749527782513724e-09
0.001138791791163385
0.6341110467910767
0.00011351284774718806
0.00016210487228818238
9.045153274200857e-05
0.0010101681109517813
0.0016958899796009064
1.7837727739333786e-07
0.0007300635916180909
0.00019781399169005454
0.00023459421936422586
0.0031872731633484364
0.0011126393219456077
0.0009510312811471522
0.0014086836017668247
0.06973674148321152
0.0013818719889968634
0.00010399798338767141
0.0015684255631640553
0.00030729651916772127
0.0022203116677701473
0.0002975526440422982
0.0005907127633690834
7.932425796752796e-05
0.00012046835763612762
5.04315466969274e-05
0.000702432356774807
0.0005680650938302279
0.0020437624771147966
0.000176051034941338
0.0003198978665750474
0.0012984448112547398
0.00028218497755005956
0.7508396506309509
0.0007431464619003236
0.007228134199976921
3.9772027093931683e-07
0.00045786198461428285
3.381074293429265e-06
0.00020967780437786132
0.0001454534358344972
0.000284840032691136
4.306842674850486e-05
0.00020629250502679497
0.00020760082406923175
5.26882431586273e-05
0.00018214072042610496
4.548581273411401e-06
9.676612535258755e-06
1.0259977898385841e-05
3.952806946472265e-05
1.3266784662846476e-05
0.00014934212958905846
0.0011358261108398438
0.00011428452125983313
4.9249225412495434e-05
4.322630697828345e-09
0.002801411086693406
4.88823957311979e-07
0.0008080691914074123
0.021429898217320442
0.00864590797573328
5.651556421071291e-05
0.0012686949921771884
3.1404135370394215e-05
0.0006967515219002962
0.0002458238450344652
0.16563361883163452
0.0004338271974120289
7.940827345009893e-06
1.5220338354993146e-05
5.130802674102597e-05
0.00015445315511897206
0.018012626096606255
1.944627683769795e-06
0.00014787727559451014
0.00042837727232836187
2.803414645313751e-05
1.9305673049530014e-05
0.5023903846740723
0.0007512187585234642
0.00012239499483257532
0.00031562091317027807
1.3348261518331128e-07
1.6955050341493916e-06
3.161433414788917e-05
0.00135715096257627
0.000248274183832109
0.002422622637823224
0.0024491625372320414
6.630196003243327e-05
0.000380673271138221
0.00028319089324213564
0.00047486019320786
0.002193898195400834
7.639755494892597e-06
0.0005227867513895035
0.00028203768306411803
5.81332751607988e-05
0.00028483549249358475
2.392337137280265e-06
0.000344558764481917
3.7953428545733914e-05
6.925995694473386e-05
0.00015509217337239534
5.01444765177439e-06
8.722840902919415e-06
0.00023294126731343567
1.3561106243287213e-05
0.00023761234479025006
0.00014516073861159384
4.748181254399242e-06
0.062484294176101685
0.09237588196992874
7.572218601126224e-05
0.0010363837936893106
6.620571753046534e-07
8.999606393444992e-08
0.00017654136172495782
2.027121081482619e-05
0.0011316660093143582
1.4873545296723023e-05
8.992764924187213e-05
0.00016740932187531143
0.0005908182938583195
0.00020312878768891096
0.000265007431153208
1.715419966785703e-05
0.00013141428644303232
0.0009617264731787145
0.00025236373767256737
1.254527859373411e-07
0.0028939801268279552
0.0065073780715465546
0.00014530068438034505
0.792259156703949
0.00030313231400214136
2.3641681764274836e-05
0.0032886818516999483
1.679181877989322e-05
1.5420449926750734e-05
1.657992288528476e-05
0.00047075559268705547
0.0018361269030719995
0.03411304950714111
9.41568760026712e-06
5.707589298253879e-05
0.004645786248147488
0.00031914899591356516
0.7758952975273132
0.0002431292086839676
3.0985909688752145e-05
0.009717154316604137
0.0021880660206079483
3.5801651392830536e-05
0.7967484593391418
1.1883668094014865e-06
0.002178252674639225
0.00017655784904491156
0.0011805235408246517
0.00018665492825675756
0.00013768338249064982
0.00865185260772705
0.001344553311355412
4.3823278247145936e-05
2.5668583475635387e-05
3.429306843827362e-06
0.028557978570461273
0.0006299442029558122
0.0024207490496337414
0.00013394311827141792
0.007419127970933914
0.000275366532150656
0.00016771184164099395
3.365955126355402e-05
2.8569043934112415e-05
0.0012679605279117823
0.04935399815440178
0.002867645351216197
7.385507615254028e-06
1.321802210441092e-05
2.4917704649851657e-05
0.0007895492017269135
1.5326338598242728e-06
0.00015205028466880322
0.0002524048031773418
0.002136895665898919
0.003415904939174652
0.0015315611381083727
0.0021335722412914038
0.001713645993731916
9.183353540720418e-05
0.0001340643357252702
0.16296152770519257
1.890324625719586e-07
1.2014155799988657e-05
0.00016231498739216477
1.314581822953187e-06
0.00025606254348531365
0.003307002130895853
0.00024401106929872185
2.201396637246944e-05
0.0008477050578221679
9.649546700529754e-05
3.1340539408120094e-06
0.0010910010896623135
0.00013628396845888346
0.0001506430999143049
1.914880340336822e-05
0.0006276454660110176
5.994847015244886e-05
0.00024536732234992087
0.055263716727495193
0.0061739240773022175
0.15445636212825775
5.954443258815445e-05
0.00011875023483298719
0.00024651517742313445
0.02188686840236187
6.233132444322109e-05
0.0008229593513533473
0.000763302727136761
7.675103915971704e-06
4.53883403679356e-05
0.0010302726877853274
9.706858691060916e-06
4.2409650632180274e-05
0.0083824023604393
0.00015441897267010063
2.250623219879344e-05
3.4773336210491834e-08
5.8219484344590455e-05
0.001502946950495243
0.0010383741464465857
0.00024856682284735143
0.00027921880246140063
0.00040097764576785266
0.00026195618556812406
0.004907944239675999
1.4758531960978871e-06
0.0009396959212608635
0.0008751364657655358
0.0011750722769647837
0.0001896308531286195
0.0004573902115225792
0.0003361562266945839
0.0003695058694574982
2.312680044269655e-05
0.0025167856365442276
0.0005109013873152435
0.0006304877460934222
4.96463144372683e-07
0.00031774750095792115
0.00015328128938563168
2.3779579350957647e-05
0.0025719348341226578
7.270676724147052e-05
0.004483512602746487
4.491408617468551e-05
1.6399495507357642e-05
1.0027055395767093e-05
2.0875349946436472e-05
2.8431716145860264e-06
0.00015460977738257498
0.001361062633804977
0.0008466780418530107
0.029107674956321716
0.0009031381923705339
0.000588643888477236
0.00010365963680669665
2.404021142865531e-05
0.0004810387035831809
0.004326798487454653
4.524204996414483e-06
0.0004464864614419639
5.488100941875018e-05
0.0028253840282559395
0.00020773282449226826
0.0009350597974844277
0.000719187140930444
4.0034887206275016e-05
7.306822226382792e-05
1.2251432053744793e-05
6.83693215250969e-05
0.00021835326333530247
0.0013370950473472476
0.0001493386662332341
0.08378293365240097
2.3757713734084973e-06
0.0004711814981419593
0.0003874808899126947
8.262429037131369e-05
0.005036456044763327
0.0002179463190259412
0.0004633854259736836
0.0009633774170652032
0.00022425074712373316
0.003390510566532612
0.27711576223373413
0.0017230566591024399
2.7253880034550093e-05
0.001607287093065679
0.41110244393348694
4.77005414722953e-05
3.619329618231859e-06
0.00022106956748757511
2.3595008315169252e-05
0.0009266990236938
0.0008845419506542385
0.0009913422400131822
0.0008014641935005784
0.00025559408823028207
0.0010966974077746272
1.6341857190127485e-05
0.00011286064545856789
0.00014497731172014028
0.00016927374235820025
0.00022001897741574794
0.0003052801184821874
0.00016014886205084622
0.0013131304876878858
0.0005746041424572468
0.0030571974348276854
0.0007299352437257767
0.00048353197053074837
7.658217509742826e-05
3.915445995517075e-05
0.0015894207172095776
0.005182992201298475
0.00047247472684830427
0.0021795083303004503
0.10743379592895508
9.498709550825879e-05
0.00019774577231146395
0.0002283095382153988
0.0012372572673484683
1.041986615746282e-05
0.0010377534199506044
0.00023839643108658493
0.00011518183600855991
1.2886032891401555e-05
5.812810677241487e-09
0.0002934880321845412
0.0013588384026661515
0.003544502891600132
0.00011720903421519324
0.0002548990596551448
0.0020021561067551374
0.0002268359821755439
0.00013397092698141932
0.0001684999151621014
0.001250648987479508
0.0001209100300911814
5.74657724428107e-06
4.902200089418329e-05
8.882541442289948e-05
2.7063468223786913e-05
0.0017037063371390104
0.005112300626933575
0.001481795683503151
0.00013263552682474256
0.002757373731583357
6.975485302973539e-05
2.1338653823477216e-05
6.475450209109113e-05
0.311144083738327
6.954315904295072e-05
0.0007889461703598499
0.017119601368904114
0.4621877372264862
0.004576710518449545
0.0017440716037526727
0.0011810514843091369
0.0007074737804941833
0.019195759668946266
0.0012434730306267738
0.0005115261883474886
0.0005764254601672292
0.004516883287578821
6.043002258593333e-07
0.0008224890334531665
0.00015162925410550088
1.2037547776344582e-06
0.0005312704015523195
0.005240647122263908
0.002138277981430292
3.821277459792327e-06
0.00036207211087457836
7.840937905712053e-05
0.0014648823998868465
0.0005288863321766257
0.00023120775585994124
0.000491299491841346
0.0025760263670235872
0.0017992111388593912
1.1884916602866724e-05
3.2454416214022785e-05
5.562328624364454e-06
4.0070226532407105e-06
0.000752979249227792
0.0022845419589430094
0.00924705807119608
0.0017089928733184934
0.009960372932255268
0.0015228161355480552
0.003097154200077057
0.00011909339809790254
0.002178536495193839
0.00010941885557258502
0.017116619274020195
0.03995847329497337
2.7749172204494243e-06
4.137825089856051e-05
0.0012451219372451305
8.859589433996007e-05
3.571776005628635e-06
0.0004822437767870724
6.990548718022183e-05
6.62884340272285e-05
0.00016205456631723791
9.447160664421972e-06
7.776606913978412e-09
0.00026309455279260874
0.001353881205432117
9.628459338273387e-06
0.00039422695408575237
0.00022838395670987666
4.753991106554167e-06
1.94621788978111e-05
0.42250028252601624
0.004553255625069141
0.00021855038357898593
0.00021497614216059446
5.7735605878406204e-06
0.0006390877533704042
0.001138500403612852
0.00014076419756747782
4.828149758395739e-05
5.3331073104345705e-06
0.0032126547303050756
3.6103396269027144e-05
1.6719171981094405e-05
0.009401819668710232
0.0007868855609558523
0.0001394619612256065
0.0008367703994736075
0.0004303492314647883
0.0015120331663638353
0.00014277420996222645
2.5185816411976703e-05
1.370072055806304e-07
0.00027808654704131186
0.004678977187722921
0.00014295820437837392
0.0002789290447253734
0.0002349729766137898
0.00012183312355773523
0.00010554237815085799
0.0022749989293515682
3.2504438422620296e-05
0.0004795097338501364
0.00441016023978591
0.00025319671840406954
0.0006925217458046973
3.0519213396473788e-06
0.0004931206931360066
0.016437772661447525
0.00031078996835276484
0.00036586535861715674
0.00080489506945014
0.000528212811332196
0.00047230778727680445
0.0005231887334957719
1.1485786437988281
0.001514442265033722
0.00038271595258265734
5.30392298969673e-06
0.00014912249753251672
0.00015963814803399146
0.00015042877930682153
